rgb0754.jpg
1 1428397.2
2 1307986.4

rgb0755.jpg
1 1394746.8
2 1404833.1

rgb0756.jpg
1 1402830.2
2 1381852.4

rgb0757.jpg
1 1411761.4
2 1336548.2

rgb0758.jpg
1 1393530.1
2 1122385.9

rgb0759.jpg
1 1407054.6
2 1008951.7

rgb0760.jpg
1 1523461.4
2 1331488.2

rgb0761.jpg
1 1410237.9
2 873306.75

rgb0762.jpg
1 1418043.2
2 985782.8

rgb0763.jpg
1 1422937.5
2 987616.44

rgb0764.jpg
1 1452092.9
2 944329.44

rgb0765.jpg
1 1449204.0
2 967082.4

rgb0766.jpg
1 1433646.0
2 898825.9

rgb0767.jpg
1 1415640.5
2 941021.94

rgb0768.jpg
1 1410503.1
2 962184.0

rgb0769.jpg
1 1410823.6
2 917242.06

rgb0770.jpg
1 1466018.6
2 955641.5

rgb0771.jpg
1 1442920.5
2 896996.5

rgb0772.jpg
1 1426335.6
2 939884.56

rgb0773.jpg
1 1440423.8
2 922109.06

rgb0774.jpg
1 1416111.1
2 972339.2

rgb0775.jpg
1 1403945.0
2 890454.3

rgb0776.jpg
1 1394437.0
2 995473.06

rgb0777.jpg
1 1412928.5
2 2158729.0

rgb0778.jpg
1 1426982.0
2 1834437.4

rgb0779.jpg
1 1478953.1
2 2036662.4

rgb0780.jpg
1 1396008.1
2 1343390.6

rgb0781.jpg
1 1455867.5
2 2408192.2

rgb0782.jpg
1 1409194.8
2 1069436.8

rgb0783.jpg
1 1394073.9
2 627945.8

rgb0784.jpg
1 1437485.0
2 1081217.2

rgb0785.jpg
1 1412372.8
2 1296140.4

rgb0786.jpg
1 1395198.8
2 855248.1

rgb0787.jpg
1 1395109.5
2 1086044.5

rgb0788.jpg
1 1382907.8
2 851709.8

rgb0789.jpg
1 1446776.0
2 1298313.9

rgb0790.jpg
1 1484405.1
2 1314276.2

rgb0791.jpg
1 1408802.2
2 355800.03

rgb0792.jpg
1 1426928.5
2 1174185.6

rgb0793.jpg
1 1389070.1
2 1146410.5

rgb0794.jpg
1 1445966.1
2 1105280.1

rgb0795.jpg
1 1500517.6
2 1087590.1

rgb0796.jpg
1 1375101.8
2 1138083.4

rgb0797.jpg
1 1419966.2
2 1012906.0

rgb0798.jpg
1 1384478.0
2 1038728.8

rgb0799.jpg
1 1411792.6
2 309845.8

rgb0800.jpg
1 1418309.5
2 1094705.4

rgb0801.jpg
1 1408444.4
2 1759212.0

rgb0802.jpg
1 1397544.1
2 1637308.1

rgb0803.jpg
1 1475493.2
2 1596503.8

rgb0804.jpg
1 1416868.5
2 1445022.8

rgb0805.jpg
1 1383064.5
2 1339226.4

rgb0806.jpg
1 1395083.4
2 1772123.8

rgb0807.jpg
1 1433878.5
2 778496.0

rgb0808.jpg
1 1438151.6
2 1439639.8

rgb0809.jpg
1 1481508.6
2 2205187.0

rgb0810.jpg
1 1435227.4
2 1320867.2

rgb0811.jpg
1 1415057.1
2 1730159.2

rgb0812.jpg
1 1421721.0
2 1348551.4

rgb0813.jpg
1 1448092.4
2 1738364.1

rgb0814.jpg
1 1392883.5
2 1713741.8

rgb0815.jpg
1 1410247.6
2 1715075.5

rgb0816.jpg
1 1486511.9
2 2186342.8

rgb0817.jpg
1 1464896.8
2 1614474.1

rgb0818.jpg
1 1413936.5
2 2239507.0

rgb0819.jpg
1 1458346.1
2 1287435.0

rgb0820.jpg
1 1429307.0
2 1340136.1

rgb0821.jpg
1 1420032.8
2 809011.06

rgb0822.jpg
1 1437425.5
2 1946596.2