[4;33mReloaded modules[24m: getCorners[0m
Corners [[ 848.  690.]
 [ 921.  763.]
 [ 791.  812.]
 [ 724.  732.]
 [1537.  456.]
 [1622.  502.]
 [1548.  528.]
 [1465.  481.]
 [ 591.  424.]
 [ 634.  468.]
 [ 526.  493.]
 [ 487.  448.]
 [1208.  280.]
 [1266.  311.]
 [1194.  327.]
 [1140.  295.]]
DestCorners [[1276. 1894.]
 [1513. 1894.]
 [1513. 2130.]
 [1276. 2130.]
 [1276.  144.]
 [1513.  144.]
 [1513.  380.]
 [1276.  380.]
 [ 133. 1894.]
 [ 369. 1894.]
 [ 369. 2130.]
 [ 133. 2130.]
 [ 133.  144.]
 [ 369.  144.]
 [ 369.  380.]
 [ 133.  380.]]
(1080, 1920, 3)
Corners [[ 848.  690.]
 [ 921.  763.]
 [ 791.  812.]
 [ 724.  732.]
 [1537.  456.]
 [1622.  501.]
 [1548.  528.]
 [1465.  481.]
 [ 591.  424.]
 [ 634.  468.]
 [ 526.  493.]
 [ 487.  448.]
 [1208.  280.]
 [1266.  311.]
 [1194.  327.]
 [1140.  295.]]
DestCorners [[1276. 1894.]
 [1513. 1894.]
 [1513. 2130.]
 [1276. 2130.]
 [1276.  144.]
 [1513.  144.]
 [1513.  380.]
 [1276.  380.]
 [ 133. 1894.]
 [ 369. 1894.]
 [ 369. 2130.]
 [ 133. 2130.]
 [ 133.  144.]
 [ 369.  144.]
 [ 369.  380.]
 [ 133.  380.]]
(1080, 1920, 3)
Corners [[ 848.  690.]
 [ 921.  763.]
 [ 791.  812.]
 [ 724.  732.]
 [1539.  457.]
 [1622.  501.]
 [1548.  528.]
 [1465.  481.]
 [ 591.  424.]
 [ 634.  468.]
 [ 526.  493.]
 [ 487.  448.]
 [1208.  280.]
 [1266.  311.]
 [1194.  327.]
 [1140.  295.]]
DestCorners [[1276. 1894.]
 [1513. 1894.]
 [1513. 2130.]
 [1276. 2130.]
 [1276.  144.]
 [1513.  144.]
 [1513.  380.]
 [1276.  380.]
 [ 133. 1894.]
 [ 369. 1894.]
 [ 369. 2130.]
 [ 133. 2130.]
 [ 133.  144.]
 [ 369.  144.]
 [ 369.  380.]
 [ 133.  380.]]
(1080, 1920, 3)
Corners [[ 848.  690.]
 [ 921.  763.]
 [ 791.  812.]
 [ 724.  732.]
 [1539.  457.]
 [1622.  501.]
 [1548.  528.]
 [1465.  481.]
 [ 591.  424.]
 [ 634.  468.]
 [ 526.  493.]
 [ 487.  448.]
 [1208.  280.]
 [1266.  311.]
 [1194.  327.]
 [1140.  295.]]
DestCorners [[1276. 1894.]
 [1513. 1894.]
 [1513. 2130.]
 [1276. 2130.]
 [1276.  144.]
 [1513.  144.]
 [1513.  380.]
 [1276.  380.]
 [ 133. 1894.]
 [ 369. 1894.]
 [ 369. 2130.]
 [ 133. 2130.]
 [ 133.  144.]
 [ 369.  144.]
 [ 369.  380.]
 [ 133.  380.]]
(1080, 1920, 3)
Corners [[ 848.  690.]
 [ 921.  763.]
 [ 791.  812.]
 [ 724.  732.]
 [1539.  457.]
 [1622.  501.]
 [1548.  528.]
 [1465.  481.]
 [ 591.  424.]
 [ 634.  468.]
 [ 526.  493.]
 [ 487.  448.]
 [1208.  280.]
 [1266.  311.]
 [1194.  327.]
 [1140.  295.]]
DestCorners [[1276. 1894.]
 [1513. 1894.]
 [1513. 2130.]
 [1276. 2130.]
 [1276.  144.]
 [1513.  144.]
 [1513.  380.]
 [1276.  380.]
 [ 133. 1894.]
 [ 369. 1894.]
 [ 369. 2130.]
 [ 133. 2130.]
 [ 133.  144.]
 [ 369.  144.]
 [ 369.  380.]
 [ 133.  380.]]
(1080, 1920, 3)
Corners [[ 848.  690.]
 [ 921.  763.]
 [ 791.  812.]
 [ 724.  732.]
 [1539.  457.]
 [1622.  501.]
 [1548.  528.]
 [1465.  481.]
 [ 591.  424.]
 [ 634.  468.]
 [ 526.  493.]
 [ 487.  448.]
 [1208.  280.]
 [1266.  311.]
 [1194.  327.]
 [1140.  295.]]
DestCorners [[1276. 1894.]
 [1513. 1894.]
 [1513. 2130.]
 [1276. 2130.]
 [1276.  144.]
 [1513.  144.]
 [1513.  380.]
 [1276.  380.]
 [ 133. 1894.]
 [ 369. 1894.]
 [ 369. 2130.]
 [ 133. 2130.]
 [ 133.  144.]
 [ 369.  144.]
 [ 369.  380.]
 [ 133.  380.]]
(1080, 1920, 3)
Corners [[ 848.  690.]
 [ 921.  763.]
 [ 791.  812.]
 [ 724.  732.]
 [1539.  457.]
 [1622.  501.]
 [1548.  528.]
 [1465.  481.]
 [ 591.  424.]
 [ 634.  468.]
 [ 526.  493.]
 [ 487.  448.]
 [1208.  280.]
 [1266.  311.]
 [1194.  327.]
 [1140.  295.]]
DestCorners [[1276. 1894.]
 [1513. 1894.]
 [1513. 2130.]
 [1276. 2130.]
 [1276.  144.]
 [1513.  144.]
 [1513.  380.]
 [1276.  380.]
 [ 133. 1894.]
 [ 369. 1894.]
 [ 369. 2130.]
 [ 133. 2130.]
 [ 133.  144.]
 [ 369.  144.]
 [ 369.  380.]
 [ 133.  380.]]
(1080, 1920, 3)
Corners [[ 848.  690.]
 [ 921.  763.]
 [ 791.  812.]
 [ 724.  732.]
 [1537.  456.]
 [1622.  501.]
 [1548.  528.]
 [1465.  481.]
 [ 591.  424.]
 [ 634.  468.]
 [ 526.  493.]
 [ 487.  448.]
 [1208.  280.]
 [1266.  311.]
 [1194.  327.]
 [1140.  295.]]
DestCorners [[1276. 1894.]
 [1513. 1894.]
 [1513. 2130.]
 [1276. 2130.]
 [1276.  144.]
 [1513.  144.]
 [1513.  380.]
 [1276.  380.]
 [ 133. 1894.]
 [ 369. 1894.]
 [ 369. 2130.]
 [ 133. 2130.]
 [ 133.  144.]
 [ 369.  144.]
 [ 369.  380.]
 [ 133.  380.]]
(1080, 1920, 3)
Corners [[ 848.  690.]
 [ 921.  763.]
 [ 791.  812.]
 [ 724.  732.]
 [1537.  456.]
 [1622.  501.]
 [1548.  528.]
 [1465.  481.]
 [ 591.  424.]
 [ 634.  468.]
 [ 526.  493.]
 [ 487.  448.]
 [1208.  280.]
 [1266.  311.]
 [1194.  327.]
 [1140.  295.]]
DestCorners [[1276. 1894.]
 [1513. 1894.]
 [1513. 2130.]
 [1276. 2130.]
 [1276.  144.]
 [1513.  144.]
 [1513.  380.]
 [1276.  380.]
 [ 133. 1894.]
 [ 369. 1894.]
 [ 369. 2130.]
 [ 133. 2130.]
 [ 133.  144.]
 [ 369.  144.]
 [ 369.  380.]
 [ 133.  380.]]
(1080, 1920, 3)
Corners [[ 848.  690.]
 [ 921.  763.]
 [ 791.  812.]
 [ 724.  732.]
 [1537.  456.]
 [1622.  501.]
 [1548.  528.]
 [1465.  481.]
 [ 591.  424.]
 [ 634.  468.]
 [ 526.  493.]
 [ 487.  448.]
 [1208.  280.]
 [1266.  311.]
 [1194.  327.]
 [1140.  295.]]
DestCorners [[1276. 1894.]
 [1513. 1894.]
 [1513. 2130.]
 [1276. 2130.]
 [1276.  144.]
 [1513.  144.]
 [1513.  380.]
 [1276.  380.]
 [ 133. 1894.]
 [ 369. 1894.]
 [ 369. 2130.]
 [ 133. 2130.]
 [ 133.  144.]
 [ 369.  144.]
 [ 369.  380.]
 [ 133.  380.]]
(1080, 1920, 3)
Corners [[ 848.  690.]
 [ 921.  763.]
 [ 791.  812.]
 [ 724.  732.]
 [1537.  456.]
 [1622.  501.]
 [1548.  528.]
 [1465.  481.]
 [ 591.  424.]
 [ 634.  468.]
 [ 526.  493.]
 [ 487.  448.]
 [1208.  280.]
 [1266.  311.]
 [1196.  328.]
 [1140.  295.]]
DestCorners [[1276. 1894.]
 [1513. 1894.]
 [1513. 2130.]
 [1276. 2130.]
 [1276.  144.]
 [1513.  144.]
 [1513.  380.]
 [1276.  380.]
 [ 133. 1894.]
 [ 369. 1894.]
 [ 369. 2130.]
 [ 133. 2130.]
 [ 133.  144.]
 [ 369.  144.]
 [ 369.  380.]
 [ 133.  380.]]
(1080, 1920, 3)
Corners [[ 848.  690.]
 [ 921.  763.]
 [ 791.  812.]
 [ 724.  732.]
 [1537.  456.]
 [1622.  501.]
 [1548.  528.]
 [1465.  481.]
 [ 591.  424.]
 [ 634.  468.]
 [ 526.  493.]
 [ 487.  448.]
 [1208.  280.]
 [1266.  311.]
 [1196.  328.]
 [1140.  295.]]
DestCorners [[1276. 1894.]
 [1513. 1894.]
 [1513. 2130.]
 [1276. 2130.]
 [1276.  144.]
 [1513.  144.]
 [1513.  380.]
 [1276.  380.]
 [ 133. 1894.]
 [ 369. 1894.]
 [ 369. 2130.]
 [ 133. 2130.]
 [ 133.  144.]
 [ 369.  144.]
 [ 369.  380.]
 [ 133.  380.]]
(1080, 1920, 3)
Corners [[ 848.  690.]
 [ 921.  763.]
 [ 791.  812.]
 [ 724.  732.]
 [1537.  456.]
 [1622.  501.]
 [1548.  528.]
 [1465.  481.]
 [ 591.  424.]
 [ 634.  468.]
 [ 526.  493.]
 [ 487.  448.]
 [1208.  280.]
 [1266.  311.]
 [1196.  328.]
 [1140.  295.]]
DestCorners [[1276. 1894.]
 [1513. 1894.]
 [1513. 2130.]
 [1276. 2130.]
 [1276.  144.]
 [1513.  144.]
 [1513.  380.]
 [1276.  380.]
 [ 133. 1894.]
 [ 369. 1894.]
 [ 369. 2130.]
 [ 133. 2130.]
 [ 133.  144.]
 [ 369.  144.]
 [ 369.  380.]
 [ 133.  380.]]
(1080, 1920, 3)
Corners [[ 848.  690.]
 [ 921.  763.]
 [ 791.  812.]
 [ 724.  732.]
 [1539.  457.]
 [1622.  501.]
 [1548.  528.]
 [1465.  481.]
 [ 591.  424.]
 [ 634.  468.]
 [ 526.  493.]
 [ 487.  448.]
 [1208.  280.]
 [1266.  311.]
 [1196.  328.]
 [1140.  295.]]
DestCorners [[1276. 1894.]
 [1513. 1894.]
 [1513. 2130.]
 [1276. 2130.]
 [1276.  144.]
 [1513.  144.]
 [1513.  380.]
 [1276.  380.]
 [ 133. 1894.]
 [ 369. 1894.]
 [ 369. 2130.]
 [ 133. 2130.]
 [ 133.  144.]
 [ 369.  144.]
 [ 369.  380.]
 [ 133.  380.]]
(1080, 1920, 3)
Corners [[ 848.  690.]
 [ 921.  763.]
 [ 791.  812.]
 [ 724.  732.]
 [1539.  457.]
 [1622.  501.]
 [1548.  528.]
 [1465.  481.]
 [ 591.  424.]
 [ 634.  468.]
 [ 526.  493.]
 [ 487.  448.]
 [1208.  280.]
 [1266.  311.]
 [1196.  328.]
 [1140.  295.]]
DestCorners [[1276. 1894.]
 [1513. 1894.]
 [1513. 2130.]
 [1276. 2130.]
 [1276.  144.]
 [1513.  144.]
 [1513.  380.]
 [1276.  380.]
 [ 133. 1894.]
 [ 369. 1894.]
 [ 369. 2130.]
 [ 133. 2130.]
 [ 133.  144.]
 [ 369.  144.]
 [ 369.  380.]
 [ 133.  380.]]
(1080, 1920, 3)
Corners [[ 848.  690.]
 [ 921.  763.]
 [ 791.  812.]
 [ 724.  732.]
 [1539.  457.]
 [1622.  501.]
 [1548.  528.]
 [1466.  481.]
 [ 591.  424.]
 [ 634.  468.]
 [ 526.  493.]
 [ 487.  448.]
 [1208.  280.]
 [1266.  311.]
 [1196.  328.]
 [1140.  295.]]
DestCorners [[1276. 1894.]
 [1513. 1894.]
 [1513. 2130.]
 [1276. 2130.]
 [1276.  144.]
 [1513.  144.]
 [1513.  380.]
 [1276.  380.]
 [ 133. 1894.]
 [ 369. 1894.]
 [ 369. 2130.]
 [ 133. 2130.]
 [ 133.  144.]
 [ 369.  144.]
 [ 369.  380.]
 [ 133.  380.]]
(1080, 1920, 3)
Corners [[ 848.  690.]
 [ 921.  763.]
 [ 791.  812.]
 [ 724.  732.]
 [1539.  457.]
 [1622.  501.]
 [1548.  528.]
 [1466.  481.]
 [ 591.  424.]
 [ 634.  468.]
 [ 526.  493.]
 [ 487.  448.]
 [1208.  280.]
 [1266.  311.]
 [1196.  328.]
 [1140.  295.]]
DestCorners [[1276. 1894.]
 [1513. 1894.]
 [1513. 2130.]
 [1276. 2130.]
 [1276.  144.]
 [1513.  144.]
 [1513.  380.]
 [1276.  380.]
 [ 133. 1894.]
 [ 369. 1894.]
 [ 369. 2130.]
 [ 133. 2130.]
 [ 133.  144.]
 [ 369.  144.]
 [ 369.  380.]
 [ 133.  380.]]
(1080, 1920, 3)
Corners [[ 848.  690.]
 [ 921.  763.]
 [ 791.  812.]
 [ 724.  732.]
 [1539.  457.]
 [1622.  501.]
 [1548.  528.]
 [1466.  481.]
 [ 591.  424.]
 [ 634.  468.]
 [ 526.  493.]
 [ 487.  448.]
 [1208.  280.]
 [1266.  311.]
 [1196.  328.]
 [1140.  295.]]
DestCorners [[1276. 1894.]
 [1513. 1894.]
 [1513. 2130.]
 [1276. 2130.]
 [1276.  144.]
 [1513.  144.]
 [1513.  380.]
 [1276.  380.]
 [ 133. 1894.]
 [ 369. 1894.]
 [ 369. 2130.]
 [ 133. 2130.]
 [ 133.  144.]
 [ 369.  144.]
 [ 369.  380.]
 [ 133.  380.]]
(1080, 1920, 3)
Corners [[ 848.  690.]
 [ 921.  763.]
 [ 791.  812.]
 [ 724.  732.]
 [1539.  457.]
 [1622.  501.]
 [1548.  528.]
 [1466.  481.]
 [ 591.  424.]
 [ 634.  468.]
 [ 526.  493.]
 [ 487.  448.]
 [1208.  280.]
 [1266.  311.]
 [1196.  328.]
 [1140.  295.]]
DestCorners [[1276. 1894.]
 [1513. 1894.]
 [1513. 2130.]
 [1276. 2130.]
 [1276.  144.]
 [1513.  144.]
 [1513.  380.]
 [1276.  380.]
 [ 133. 1894.]
 [ 369. 1894.]
 [ 369. 2130.]
 [ 133. 2130.]
 [ 133.  144.]
 [ 369.  144.]
 [ 369.  380.]
 [ 133.  380.]]
(1080, 1920, 3)
Corners [[ 848.  690.]
 [ 921.  763.]
 [ 791.  812.]
 [ 724.  732.]
 [1539.  457.]
 [1622.  501.]
 [1548.  528.]
 [1466.  481.]
 [ 591.  424.]
 [ 634.  468.]
 [ 526.  493.]
 [ 487.  448.]
 [1208.  280.]
 [1266.  311.]
 [1196.  328.]
 [1140.  295.]]
DestCorners [[1276. 1894.]
 [1513. 1894.]
 [1513. 2130.]
 [1276. 2130.]
 [1276.  144.]
 [1513.  144.]
 [1513.  380.]
 [1276.  380.]
 [ 133. 1894.]
 [ 369. 1894.]
 [ 369. 2130.]
 [ 133. 2130.]
 [ 133.  144.]
 [ 369.  144.]
 [ 369.  380.]
 [ 133.  380.]]
(1080, 1920, 3)
Corners [[ 848.  690.]
 [ 921.  763.]
 [ 791.  812.]
 [ 724.  732.]
 [1539.  457.]
 [1622.  501.]
 [1548.  528.]
 [1466.  481.]
 [ 591.  424.]
 [ 634.  468.]
 [ 526.  493.]
 [ 487.  448.]
 [1208.  280.]
 [1266.  311.]
 [1196.  328.]
 [1140.  295.]]
DestCorners [[1276. 1894.]
 [1513. 1894.]
 [1513. 2130.]
 [1276. 2130.]
 [1276.  144.]
 [1513.  144.]
 [1513.  380.]
 [1276.  380.]
 [ 133. 1894.]
 [ 369. 1894.]
 [ 369. 2130.]
 [ 133. 2130.]
 [ 133.  144.]
 [ 369.  144.]
 [ 369.  380.]
 [ 133.  380.]]
(1080, 1920, 3)
Corners [[ 848.  690.]
 [ 921.  763.]
 [ 791.  812.]
 [ 724.  732.]
 [1539.  457.]
 [1622.  501.]
 [1548.  528.]
 [1466.  481.]
 [ 591.  424.]
 [ 634.  468.]
 [ 526.  493.]
 [ 487.  448.]
 [1208.  280.]
 [1266.  311.]
 [1196.  328.]
 [1140.  295.]]
DestCorners [[1276. 1894.]
 [1513. 1894.]
 [1513. 2130.]
 [1276. 2130.]
 [1276.  144.]
 [1513.  144.]
 [1513.  380.]
 [1276.  380.]
 [ 133. 1894.]
 [ 369. 1894.]
 [ 369. 2130.]
 [ 133. 2130.]
 [ 133.  144.]
 [ 369.  144.]
 [ 369.  380.]
 [ 133.  380.]]
(1080, 1920, 3)
Corners [[ 848.  690.]
 [ 921.  763.]
 [ 791.  812.]
 [ 724.  732.]
 [1539.  457.]
 [1622.  501.]
 [1548.  528.]
 [1466.  481.]
 [ 591.  424.]
 [ 634.  468.]
 [ 526.  493.]
 [ 487.  448.]
 [1208.  280.]
 [1266.  311.]
 [1196.  328.]
 [1140.  295.]]
DestCorners [[1276. 1894.]
 [1513. 1894.]
 [1513. 2130.]
 [1276. 2130.]
 [1276.  144.]
 [1513.  144.]
 [1513.  380.]
 [1276.  380.]
 [ 133. 1894.]
 [ 369. 1894.]
 [ 369. 2130.]
 [ 133. 2130.]
 [ 133.  144.]
 [ 369.  144.]
 [ 369.  380.]
 [ 133.  380.]]
(1080, 1920, 3)
Corners [[ 848.  690.]
 [ 921.  763.]
 [ 791.  812.]
 [ 724.  732.]
 [1539.  457.]
 [1622.  501.]
 [1548.  528.]
 [1466.  481.]
 [ 591.  424.]
 [ 634.  468.]
 [ 526.  493.]
 [ 487.  448.]
 [1208.  280.]
 [1266.  311.]
 [1196.  328.]
 [1140.  295.]]
DestCorners [[1276. 1894.]
 [1513. 1894.]
 [1513. 2130.]
 [1276. 2130.]
 [1276.  144.]
 [1513.  144.]
 [1513.  380.]
 [1276.  380.]
 [ 133. 1894.]
 [ 369. 1894.]
 [ 369. 2130.]
 [ 133. 2130.]
 [ 133.  144.]
 [ 369.  144.]
 [ 369.  380.]
 [ 133.  380.]]
(1080, 1920, 3)
Corners [[ 848.  690.]
 [ 921.  763.]
 [ 791.  812.]
 [ 724.  732.]
 [1539.  457.]
 [1622.  501.]
 [1548.  528.]
 [1466.  481.]
 [ 591.  424.]
 [ 634.  468.]
 [ 526.  493.]
 [ 487.  448.]
 [1208.  280.]
 [1266.  311.]
 [1196.  328.]
 [1140.  295.]]
DestCorners [[1276. 1894.]
 [1513. 1894.]
 [1513. 2130.]
 [1276. 2130.]
 [1276.  144.]
 [1513.  144.]
 [1513.  380.]
 [1276.  380.]
 [ 133. 1894.]
 [ 369. 1894.]
 [ 369. 2130.]
 [ 133. 2130.]
 [ 133.  144.]
 [ 369.  144.]
 [ 369.  380.]
 [ 133.  380.]]
(1080, 1920, 3)
Corners [[ 848.  690.]
 [ 921.  763.]
 [ 791.  812.]
 [ 724.  732.]
 [1539.  457.]
 [1622.  501.]
 [1548.  528.]
 [1466.  481.]
 [ 591.  424.]
 [ 634.  468.]
 [ 526.  493.]
 [ 487.  448.]
 [1208.  280.]
 [1266.  311.]
 [1196.  328.]
 [1140.  295.]]
DestCorners [[1276. 1894.]
 [1513. 1894.]
 [1513. 2130.]
 [1276. 2130.]
 [1276.  144.]
 [1513.  144.]
 [1513.  380.]
 [1276.  380.]
 [ 133. 1894.]
 [ 369. 1894.]
 [ 369. 2130.]
 [ 133. 2130.]
 [ 133.  144.]
 [ 369.  144.]
 [ 369.  380.]
 [ 133.  380.]]
(1080, 1920, 3)
Corners [[ 848.  690.]
 [ 921.  763.]
 [ 791.  812.]
 [ 724.  732.]
 [1539.  457.]
 [1622.  501.]
 [1548.  528.]
 [1466.  481.]
 [ 591.  424.]
 [ 634.  468.]
 [ 526.  493.]
 [ 487.  448.]
 [1208.  280.]
 [1266.  311.]
 [1196.  328.]
 [1140.  295.]]
DestCorners [[1276. 1894.]
 [1513. 1894.]
 [1513. 2130.]
 [1276. 2130.]
 [1276.  144.]
 [1513.  144.]
 [1513.  380.]
 [1276.  380.]
 [ 133. 1894.]
 [ 369. 1894.]
 [ 369. 2130.]
 [ 133. 2130.]
 [ 133.  144.]
 [ 369.  144.]
 [ 369.  380.]
 [ 133.  380.]]
(1080, 1920, 3)
Corners [[ 848.  690.]
 [ 921.  763.]
 [ 791.  812.]
 [ 724.  732.]
 [1539.  457.]
 [1622.  501.]
 [1548.  528.]
 [1466.  481.]
 [ 591.  424.]
 [ 634.  468.]
 [ 526.  493.]
 [ 487.  448.]
 [1208.  280.]
 [1266.  311.]
 [1196.  328.]
 [1140.  295.]]
DestCorners [[1276. 1894.]
 [1513. 1894.]
 [1513. 2130.]
 [1276. 2130.]
 [1276.  144.]
 [1513.  144.]
 [1513.  380.]
 [1276.  380.]
 [ 133. 1894.]
 [ 369. 1894.]
 [ 369. 2130.]
 [ 133. 2130.]
 [ 133.  144.]
 [ 369.  144.]
 [ 369.  380.]
 [ 133.  380.]]
(1080, 1920, 3)
Corners [[ 848.  690.]
 [ 921.  763.]
 [ 791.  812.]
 [ 724.  732.]
 [1539.  457.]
 [1622.  501.]
 [1548.  528.]
 [1466.  481.]
 [ 591.  424.]
 [ 634.  468.]
 [ 526.  493.]
 [ 487.  448.]
 [1208.  280.]
 [1266.  311.]
 [1196.  328.]
 [1140.  295.]]
DestCorners [[1276. 1894.]
 [1513. 1894.]
 [1513. 2130.]
 [1276. 2130.]
 [1276.  144.]
 [1513.  144.]
 [1513.  380.]
 [1276.  380.]
 [ 133. 1894.]
 [ 369. 1894.]
 [ 369. 2130.]
 [ 133. 2130.]
 [ 133.  144.]
 [ 369.  144.]
 [ 369.  380.]
 [ 133.  380.]]
(1080, 1920, 3)
Corners [[ 848.  690.]
 [ 921.  763.]
 [ 791.  812.]
 [ 724.  732.]
 [1539.  457.]
 [1622.  501.]
 [1548.  528.]
 [1466.  481.]
 [ 591.  424.]
 [ 634.  468.]
 [ 526.  493.]
 [ 487.  448.]
 [1208.  280.]
 [1266.  311.]
 [1196.  328.]
 [1140.  295.]]
DestCorners [[1276. 1894.]
 [1513. 1894.]
 [1513. 2130.]
 [1276. 2130.]
 [1276.  144.]
 [1513.  144.]
 [1513.  380.]
 [1276.  380.]
 [ 133. 1894.]
 [ 369. 1894.]
 [ 369. 2130.]
 [ 133. 2130.]
 [ 133.  144.]
 [ 369.  144.]
 [ 369.  380.]
 [ 133.  380.]]
(1080, 1920, 3)
Corners [[ 848.  690.]
 [ 921.  763.]
 [ 791.  812.]
 [ 724.  732.]
 [1539.  457.]
 [1622.  501.]
 [1548.  528.]
 [1466.  481.]
 [ 591.  424.]
 [ 634.  468.]
 [ 526.  493.]
 [ 487.  448.]
 [1208.  280.]
 [1266.  311.]
 [1196.  328.]
 [1140.  295.]]
DestCorners [[1276. 1894.]
 [1513. 1894.]
 [1513. 2130.]
 [1276. 2130.]
 [1276.  144.]
 [1513.  144.]
 [1513.  380.]
 [1276.  380.]
 [ 133. 1894.]
 [ 369. 1894.]
 [ 369. 2130.]
 [ 133. 2130.]
 [ 133.  144.]
 [ 369.  144.]
 [ 369.  380.]
 [ 133.  380.]]
(1080, 1920, 3)
Corners [[ 848.  690.]
 [ 921.  763.]
 [ 791.  812.]
 [ 724.  732.]
 [1539.  457.]
 [1622.  501.]
 [1548.  528.]
 [1466.  481.]
 [ 591.  424.]
 [ 634.  468.]
 [ 526.  493.]
 [ 487.  448.]
 [1208.  280.]
 [1266.  311.]
 [1196.  328.]
 [1140.  295.]]
DestCorners [[1276. 1894.]
 [1513. 1894.]
 [1513. 2130.]
 [1276. 2130.]
 [1276.  144.]
 [1513.  144.]
 [1513.  380.]
 [1276.  380.]
 [ 133. 1894.]
 [ 369. 1894.]
 [ 369. 2130.]
 [ 133. 2130.]
 [ 133.  144.]
 [ 369.  144.]
 [ 369.  380.]
 [ 133.  380.]]
(1080, 1920, 3)
Corners [[1539.  457.]
 [1622.  501.]
 [1548.  528.]
 [1466.  481.]
 [ 591.  424.]
 [ 634.  468.]
 [ 526.  493.]
 [ 487.  448.]
 [1208.  280.]
 [1266.  311.]
 [1196.  328.]
 [1140.  295.]
 [ 848.  690.]
 [ 921.  763.]
 [ 791.  812.]
 [ 724.  732.]]
DestCorners [[1276.  144.]
 [1513.  144.]
 [1513.  380.]
 [1276.  380.]
 [ 133. 1894.]
 [ 369. 1894.]
 [ 369. 2130.]
 [ 133. 2130.]
 [ 133.  144.]
 [ 369.  144.]
 [ 369.  380.]
 [ 133.  380.]
 [1276. 1894.]
 [1513. 1894.]
 [1513. 2130.]
 [1276. 2130.]]
(1080, 1920, 3)
Corners [[1539.  457.]
 [1622.  501.]
 [1548.  528.]
 [1466.  481.]
 [ 591.  424.]
 [ 634.  468.]
 [ 526.  493.]
 [ 487.  448.]
 [1208.  280.]
 [1266.  311.]
 [1196.  328.]
 [1140.  295.]
 [ 848.  690.]
 [ 921.  763.]
 [ 791.  812.]
 [ 724.  732.]]
DestCorners [[1276.  144.]
 [1513.  144.]
 [1513.  380.]
 [1276.  380.]
 [ 133. 1894.]
 [ 369. 1894.]
 [ 369. 2130.]
 [ 133. 2130.]
 [ 133.  144.]
 [ 369.  144.]
 [ 369.  380.]
 [ 133.  380.]
 [1276. 1894.]
 [1513. 1894.]
 [1513. 2130.]
 [1276. 2130.]]
(1080, 1920, 3)
Corners [[1539.  457.]
 [1622.  501.]
 [1548.  528.]
 [1466.  481.]
 [ 591.  424.]
 [ 634.  468.]
 [ 526.  493.]
 [ 487.  448.]
 [1208.  280.]
 [1266.  311.]
 [1196.  328.]
 [1140.  295.]
 [ 848.  690.]
 [ 921.  763.]
 [ 791.  812.]
 [ 724.  732.]]
DestCorners [[1276.  144.]
 [1513.  144.]
 [1513.  380.]
 [1276.  380.]
 [ 133. 1894.]
 [ 369. 1894.]
 [ 369. 2130.]
 [ 133. 2130.]
 [ 133.  144.]
 [ 369.  144.]
 [ 369.  380.]
 [ 133.  380.]
 [1276. 1894.]
 [1513. 1894.]
 [1513. 2130.]
 [1276. 2130.]]
(1080, 1920, 3)
Corners [[1539.  457.]
 [1622.  501.]
 [1548.  528.]
 [1466.  481.]
 [ 591.  424.]
 [ 634.  468.]
 [ 526.  493.]
 [ 487.  448.]
 [1208.  280.]
 [1266.  311.]
 [1196.  328.]
 [1140.  295.]
 [ 848.  690.]
 [ 921.  763.]
 [ 791.  812.]
 [ 724.  732.]]
DestCorners [[1276.  144.]
 [1513.  144.]
 [1513.  380.]
 [1276.  380.]
 [ 133. 1894.]
 [ 369. 1894.]
 [ 369. 2130.]
 [ 133. 2130.]
 [ 133.  144.]
 [ 369.  144.]
 [ 369.  380.]
 [ 133.  380.]
 [1276. 1894.]
 [1513. 1894.]
 [1513. 2130.]
 [1276. 2130.]]
(1080, 1920, 3)
Corners [[1539.  457.]
 [1622.  501.]
 [1548.  528.]
 [1466.  481.]
 [ 591.  424.]
 [ 634.  468.]
 [ 526.  493.]
 [ 487.  448.]
 [1208.  280.]
 [1266.  311.]
 [1196.  328.]
 [1140.  295.]
 [ 848.  690.]
 [ 921.  763.]
 [ 791.  812.]
 [ 724.  732.]]
DestCorners [[1276.  144.]
 [1513.  144.]
 [1513.  380.]
 [1276.  380.]
 [ 133. 1894.]
 [ 369. 1894.]
 [ 369. 2130.]
 [ 133. 2130.]
 [ 133.  144.]
 [ 369.  144.]
 [ 369.  380.]
 [ 133.  380.]
 [1276. 1894.]
 [1513. 1894.]
 [1513. 2130.]
 [1276. 2130.]]
(1080, 1920, 3)
Corners [[1537.  456.]
 [1622.  501.]
 [1548.  528.]
 [1466.  481.]
 [ 591.  424.]
 [ 634.  468.]
 [ 526.  493.]
 [ 487.  448.]
 [1208.  280.]
 [1266.  311.]
 [1196.  328.]
 [1140.  295.]
 [ 848.  690.]
 [ 921.  763.]
 [ 791.  812.]
 [ 724.  732.]]
DestCorners [[1276.  144.]
 [1513.  144.]
 [1513.  380.]
 [1276.  380.]
 [ 133. 1894.]
 [ 369. 1894.]
 [ 369. 2130.]
 [ 133. 2130.]
 [ 133.  144.]
 [ 369.  144.]
 [ 369.  380.]
 [ 133.  380.]
 [1276. 1894.]
 [1513. 1894.]
 [1513. 2130.]
 [1276. 2130.]]
(1080, 1920, 3)
Corners [[1537.  456.]
 [1622.  501.]
 [1548.  528.]
 [1466.  481.]
 [ 591.  424.]
 [ 634.  468.]
 [ 526.  493.]
 [ 487.  448.]
 [1208.  280.]
 [1266.  311.]
 [1196.  328.]
 [1140.  295.]
 [ 848.  690.]
 [ 921.  763.]
 [ 791.  812.]
 [ 724.  732.]]
DestCorners [[1276.  144.]
 [1513.  144.]
 [1513.  380.]
 [1276.  380.]
 [ 133. 1894.]
 [ 369. 1894.]
 [ 369. 2130.]
 [ 133. 2130.]
 [ 133.  144.]
 [ 369.  144.]
 [ 369.  380.]
 [ 133.  380.]
 [1276. 1894.]
 [1513. 1894.]
 [1513. 2130.]
 [1276. 2130.]]
(1080, 1920, 3)
Corners [[1537.  456.]
 [1622.  502.]
 [1548.  528.]
 [1465.  481.]
 [ 591.  424.]
 [ 634.  468.]
 [ 526.  493.]
 [ 487.  448.]
 [1208.  280.]
 [1266.  311.]
 [1196.  328.]
 [1140.  295.]
 [ 848.  690.]
 [ 921.  763.]
 [ 791.  812.]
 [ 724.  732.]]
DestCorners [[1276.  144.]
 [1513.  144.]
 [1513.  380.]
 [1276.  380.]
 [ 133. 1894.]
 [ 369. 1894.]
 [ 369. 2130.]
 [ 133. 2130.]
 [ 133.  144.]
 [ 369.  144.]
 [ 369.  380.]
 [ 133.  380.]
 [1276. 1894.]
 [1513. 1894.]
 [1513. 2130.]
 [1276. 2130.]]
(1080, 1920, 3)
Corners [[1539.  457.]
 [1622.  502.]
 [1548.  528.]
 [1465.  481.]
 [ 591.  424.]
 [ 634.  468.]
 [ 526.  493.]
 [ 487.  448.]
 [1208.  280.]
 [1266.  311.]
 [1196.  328.]
 [1140.  295.]
 [ 848.  690.]
 [ 921.  763.]
 [ 791.  812.]
 [ 724.  732.]]
DestCorners [[1276.  144.]
 [1513.  144.]
 [1513.  380.]
 [1276.  380.]
 [ 133. 1894.]
 [ 369. 1894.]
 [ 369. 2130.]
 [ 133. 2130.]
 [ 133.  144.]
 [ 369.  144.]
 [ 369.  380.]
 [ 133.  380.]
 [1276. 1894.]
 [1513. 1894.]
 [1513. 2130.]
 [1276. 2130.]]
(1080, 1920, 3)
Corners [[1540.  457.]
 [1623.  502.]
 [1549.  528.]
 [1467.  481.]
 [ 592.  424.]
 [ 635.  468.]
 [ 527.  493.]
 [ 489.  448.]
 [1209.  280.]
 [1267.  311.]
 [1197.  328.]
 [1140.  295.]
 [ 851.  691.]
 [ 922.  763.]
 [ 793.  812.]
 [ 726.  732.]]
DestCorners [[1276.  144.]
 [1513.  144.]
 [1513.  380.]
 [1276.  380.]
 [ 133. 1894.]
 [ 369. 1894.]
 [ 369. 2130.]
 [ 133. 2130.]
 [ 133.  144.]
 [ 369.  144.]
 [ 369.  380.]
 [ 133.  380.]
 [1276. 1894.]
 [1513. 1894.]
 [1513. 2130.]
 [1276. 2130.]]
(1080, 1920, 3)
Corners [[1541.  457.]
 [1625.  502.]
 [1552.  529.]
 [1468.  481.]
 [ 594.  424.]
 [ 636.  468.]
 [ 528.  493.]
 [ 490.  448.]
 [1210.  280.]
 [1268.  311.]
 [1198.  328.]
 [1142.  295.]
 [ 853.  691.]
 [ 925.  764.]
 [ 795.  812.]
 [ 728.  732.]]
DestCorners [[1276.  144.]
 [1513.  144.]
 [1513.  380.]
 [1276.  380.]
 [ 133. 1894.]
 [ 369. 1894.]
 [ 369. 2130.]
 [ 133. 2130.]
 [ 133.  144.]
 [ 369.  144.]
 [ 369.  380.]
 [ 133.  380.]
 [1276. 1894.]
 [1513. 1894.]
 [1513. 2130.]
 [1276. 2130.]]
(1080, 1920, 3)
Corners [[ 854.  691.]
 [ 925.  763.]
 [ 795.  812.]
 [ 728.  732.]
 [1542.  457.]
 [1625.  502.]
 [1553.  529.]
 [1469.  481.]
 [ 594.  424.]
 [ 637.  468.]
 [ 529.  493.]
 [ 491.  448.]
 [1212.  281.]
 [1269.  311.]
 [1199.  328.]
 [1143.  295.]]
DestCorners [[1276. 1894.]
 [1513. 1894.]
 [1513. 2130.]
 [1276. 2130.]
 [1276.  144.]
 [1513.  144.]
 [1513.  380.]
 [1276.  380.]
 [ 133. 1894.]
 [ 369. 1894.]
 [ 369. 2130.]
 [ 133. 2130.]
 [ 133.  144.]
 [ 369.  144.]
 [ 369.  380.]
 [ 133.  380.]]
(1080, 1920, 3)
Corners [[1542.  457.]
 [1625.  502.]
 [1553.  529.]
 [1469.  481.]
 [ 594.  424.]
 [ 637.  468.]
 [ 529.  493.]
 [ 490.  448.]
 [1212.  281.]
 [1269.  311.]
 [1199.  328.]
 [1143.  295.]
 [ 852.  690.]
 [ 925.  764.]
 [ 795.  812.]
 [ 728.  732.]]
DestCorners [[1276.  144.]
 [1513.  144.]
 [1513.  380.]
 [1276.  380.]
 [ 133. 1894.]
 [ 369. 1894.]
 [ 369. 2130.]
 [ 133. 2130.]
 [ 133.  144.]
 [ 369.  144.]
 [ 369.  380.]
 [ 133.  380.]
 [1276. 1894.]
 [1513. 1894.]
 [1513. 2130.]
 [1276. 2130.]]
(1080, 1920, 3)
Corners [[1541.  457.]
 [1624.  502.]
 [1552.  529.]
 [1467.  482.]
 [ 593.  424.]
 [ 636.  468.]
 [ 528.  493.]
 [ 490.  448.]
 [1212.  281.]
 [1268.  311.]
 [1198.  328.]
 [1142.  295.]
 [ 851.  690.]
 [ 924.  764.]
 [ 794.  812.]
 [ 727.  732.]]
DestCorners [[1276.  144.]
 [1513.  144.]
 [1513.  380.]
 [1276.  380.]
 [ 133. 1894.]
 [ 369. 1894.]
 [ 369. 2130.]
 [ 133. 2130.]
 [ 133.  144.]
 [ 369.  144.]
 [ 369.  380.]
 [ 133.  380.]
 [1276. 1894.]
 [1513. 1894.]
 [1513. 2130.]
 [1276. 2130.]]
(1080, 1920, 3)
Corners [[1540.  457.]
 [1624.  502.]
 [1551.  529.]
 [1467.  481.]
 [ 592.  424.]
 [ 635.  468.]
 [ 527.  493.]
 [ 489.  448.]
 [1211.  281.]
 [1267.  311.]
 [1197.  328.]
 [1141.  295.]
 [ 850.  690.]
 [ 922.  763.]
 [ 792.  812.]
 [ 726.  732.]]
DestCorners [[1276.  144.]
 [1513.  144.]
 [1513.  380.]
 [1276.  380.]
 [ 133. 1894.]
 [ 369. 1894.]
 [ 369. 2130.]
 [ 133. 2130.]
 [ 133.  144.]
 [ 369.  144.]
 [ 369.  380.]
 [ 133.  380.]
 [1276. 1894.]
 [1513. 1894.]
 [1513. 2130.]
 [1276. 2130.]]
(1080, 1920, 3)
Corners [[1540.  457.]
 [1623.  502.]
 [1551.  529.]
 [1466.  482.]
 [ 592.  424.]
 [ 635.  468.]
 [ 527.  493.]
 [ 488.  448.]
 [1211.  281.]
 [1267.  311.]
 [1197.  328.]
 [1141.  295.]
 [ 849.  690.]
 [ 922.  764.]
 [ 792.  812.]
 [ 725.  732.]]
DestCorners [[1276.  144.]
 [1513.  144.]
 [1513.  380.]
 [1276.  380.]
 [ 133. 1894.]
 [ 369. 1894.]
 [ 369. 2130.]
 [ 133. 2130.]
 [ 133.  144.]
 [ 369.  144.]
 [ 369.  380.]
 [ 133.  380.]
 [1276. 1894.]
 [1513. 1894.]
 [1513. 2130.]
 [1276. 2130.]]
(1080, 1920, 3)
Corners [[1540.  457.]
 [1623.  502.]
 [1551.  529.]
 [1466.  482.]
 [ 592.  424.]
 [ 635.  468.]
 [ 527.  493.]
 [ 488.  448.]
 [1211.  281.]
 [1267.  311.]
 [1197.  328.]
 [1141.  295.]
 [ 849.  690.]
 [ 922.  764.]
 [ 792.  812.]
 [ 725.  732.]]
DestCorners [[1276.  144.]
 [1513.  144.]
 [1513.  380.]
 [1276.  380.]
 [ 133. 1894.]
 [ 369. 1894.]
 [ 369. 2130.]
 [ 133. 2130.]
 [ 133.  144.]
 [ 369.  144.]
 [ 369.  380.]
 [ 133.  380.]
 [1276. 1894.]
 [1513. 1894.]
 [1513. 2130.]
 [1276. 2130.]]
(1080, 1920, 3)
Corners [[1540.  457.]
 [1623.  502.]
 [1551.  529.]
 [1466.  482.]
 [ 592.  424.]
 [ 635.  468.]
 [ 527.  493.]
 [ 488.  448.]
 [1209.  280.]
 [1267.  311.]
 [1197.  328.]
 [1141.  295.]
 [ 849.  690.]
 [ 922.  764.]
 [ 792.  812.]
 [ 725.  732.]]
DestCorners [[1276.  144.]
 [1513.  144.]
 [1513.  380.]
 [1276.  380.]
 [ 133. 1894.]
 [ 369. 1894.]
 [ 369. 2130.]
 [ 133. 2130.]
 [ 133.  144.]
 [ 369.  144.]
 [ 369.  380.]
 [ 133.  380.]
 [1276. 1894.]
 [1513. 1894.]
 [1513. 2130.]
 [1276. 2130.]]
(1080, 1920, 3)
Corners [[1540.  457.]
 [1623.  502.]
 [1551.  529.]
 [1466.  482.]
 [ 592.  424.]
 [ 635.  468.]
 [ 527.  493.]
 [ 488.  448.]
 [1209.  280.]
 [1267.  311.]
 [1197.  328.]
 [1141.  295.]
 [ 849.  690.]
 [ 922.  764.]
 [ 792.  812.]
 [ 725.  732.]]
DestCorners [[1276.  144.]
 [1513.  144.]
 [1513.  380.]
 [1276.  380.]
 [ 133. 1894.]
 [ 369. 1894.]
 [ 369. 2130.]
 [ 133. 2130.]
 [ 133.  144.]
 [ 369.  144.]
 [ 369.  380.]
 [ 133.  380.]
 [1276. 1894.]
 [1513. 1894.]
 [1513. 2130.]
 [1276. 2130.]]
(1080, 1920, 3)
Corners [[1540.  457.]
 [1623.  502.]
 [1551.  529.]
 [1466.  482.]
 [ 592.  424.]
 [ 635.  468.]
 [ 527.  493.]
 [ 488.  448.]
 [1209.  280.]
 [1267.  311.]
 [1197.  328.]
 [1141.  295.]
 [ 849.  690.]
 [ 922.  764.]
 [ 792.  812.]
 [ 725.  732.]]
DestCorners [[1276.  144.]
 [1513.  144.]
 [1513.  380.]
 [1276.  380.]
 [ 133. 1894.]
 [ 369. 1894.]
 [ 369. 2130.]
 [ 133. 2130.]
 [ 133.  144.]
 [ 369.  144.]
 [ 369.  380.]
 [ 133.  380.]
 [1276. 1894.]
 [1513. 1894.]
 [1513. 2130.]
 [1276. 2130.]]
(1080, 1920, 3)
Corners [[1540.  457.]
 [1623.  502.]
 [1551.  529.]
 [1466.  482.]
 [ 592.  424.]
 [ 635.  468.]
 [ 527.  493.]
 [ 488.  448.]
 [1209.  280.]
 [1267.  311.]
 [1197.  328.]
 [1141.  295.]
 [ 849.  690.]
 [ 922.  764.]
 [ 792.  812.]
 [ 725.  732.]]
DestCorners [[1276.  144.]
 [1513.  144.]
 [1513.  380.]
 [1276.  380.]
 [ 133. 1894.]
 [ 369. 1894.]
 [ 369. 2130.]
 [ 133. 2130.]
 [ 133.  144.]
 [ 369.  144.]
 [ 369.  380.]
 [ 133.  380.]
 [1276. 1894.]
 [1513. 1894.]
 [1513. 2130.]
 [1276. 2130.]]
(1080, 1920, 3)
Corners [[1540.  457.]
 [1623.  502.]
 [1551.  529.]
 [1466.  482.]
 [ 592.  424.]
 [ 635.  468.]
 [ 527.  493.]
 [ 488.  448.]
 [1209.  280.]
 [1267.  311.]
 [1197.  328.]
 [1141.  295.]
 [ 849.  690.]
 [ 922.  764.]
 [ 792.  812.]
 [ 725.  732.]]
DestCorners [[1276.  144.]
 [1513.  144.]
 [1513.  380.]
 [1276.  380.]
 [ 133. 1894.]
 [ 369. 1894.]
 [ 369. 2130.]
 [ 133. 2130.]
 [ 133.  144.]
 [ 369.  144.]
 [ 369.  380.]
 [ 133.  380.]
 [1276. 1894.]
 [1513. 1894.]
 [1513. 2130.]
 [1276. 2130.]]
(1080, 1920, 3)
Corners [[1540.  457.]
 [1623.  502.]
 [1551.  529.]
 [1466.  482.]
 [ 592.  424.]
 [ 635.  468.]
 [ 527.  493.]
 [ 488.  448.]
 [1209.  280.]
 [1267.  311.]
 [1197.  328.]
 [1141.  295.]
 [ 849.  690.]
 [ 922.  764.]
 [ 792.  812.]
 [ 725.  732.]]
DestCorners [[1276.  144.]
 [1513.  144.]
 [1513.  380.]
 [1276.  380.]
 [ 133. 1894.]
 [ 369. 1894.]
 [ 369. 2130.]
 [ 133. 2130.]
 [ 133.  144.]
 [ 369.  144.]
 [ 369.  380.]
 [ 133.  380.]
 [1276. 1894.]
 [1513. 1894.]
 [1513. 2130.]
 [1276. 2130.]]
(1080, 1920, 3)
--- 4.878349542617798 seconds ---
[4;33mReloaded modules[24m: getCorners[0m
Corners [[ 601.  661.]
 [ 725.  635.]
 [ 754.  715.]
 [ 624.  745.]
 [1161.  542.]
 [1265.  520.]
 [1320.  590.]
 [1210.  613.]
 [ 478.  224.]
 [ 571.  212.]
 [ 586.  253.]
 [ 490.  266.]
 [ 904.  163.]
 [ 983.  152.]
 [1012.  190.]
 [ 929.  202.]]
DestCorners [[ 133. 1894.]
 [ 369. 1894.]
 [ 369. 2130.]
 [ 133. 2130.]
 [1276. 1894.]
 [1513. 1894.]
 [1513. 2130.]
 [1276. 2130.]
 [ 133.  144.]
 [ 369.  144.]
 [ 369.  380.]
 [ 133.  380.]
 [1276.  144.]
 [1513.  144.]
 [1513.  380.]
 [1276.  380.]]
(1080, 1920, 3)
Corners [[ 601.  661.]
 [ 725.  635.]
 [ 754.  715.]
 [ 624.  745.]
 [1161.  542.]
 [1265.  520.]
 [1320.  590.]
 [1210.  613.]
 [ 478.  224.]
 [ 570.  211.]
 [ 586.  253.]
 [ 490.  266.]
 [ 904.  163.]
 [ 983.  152.]
 [1012.  190.]
 [ 929.  202.]]
DestCorners [[ 133. 1894.]
 [ 369. 1894.]
 [ 369. 2130.]
 [ 133. 2130.]
 [1276. 1894.]
 [1513. 1894.]
 [1513. 2130.]
 [1276. 2130.]
 [ 133.  144.]
 [ 369.  144.]
 [ 369.  380.]
 [ 133.  380.]
 [1276.  144.]
 [1513.  144.]
 [1513.  380.]
 [1276.  380.]]
(1080, 1920, 3)
Corners [[ 601.  661.]
 [ 725.  635.]
 [ 754.  715.]
 [ 624.  745.]
 [1161.  542.]
 [1265.  520.]
 [1320.  590.]
 [1210.  613.]
 [ 479.  224.]
 [ 570.  211.]
 [ 586.  253.]
 [ 490.  266.]
 [ 904.  163.]
 [ 983.  152.]
 [1012.  190.]
 [ 929.  202.]]
DestCorners [[ 133. 1894.]
 [ 369. 1894.]
 [ 369. 2130.]
 [ 133. 2130.]
 [1276. 1894.]
 [1513. 1894.]
 [1513. 2130.]
 [1276. 2130.]
 [ 133.  144.]
 [ 369.  144.]
 [ 369.  380.]
 [ 133.  380.]
 [1276.  144.]
 [1513.  144.]
 [1513.  380.]
 [1276.  380.]]
(1080, 1920, 3)
Corners [[ 601.  661.]
 [ 725.  635.]
 [ 754.  714.]
 [ 624.  746.]
 [1161.  542.]
 [1265.  520.]
 [1319.  589.]
 [1210.  613.]
 [ 479.  224.]
 [ 570.  211.]
 [ 586.  253.]
 [ 490.  266.]
 [ 904.  163.]
 [ 983.  152.]
 [1013.  189.]
 [ 929.  202.]]
DestCorners [[ 133. 1894.]
 [ 369. 1894.]
 [ 369. 2130.]
 [ 133. 2130.]
 [1276. 1894.]
 [1513. 1894.]
 [1513. 2130.]
 [1276. 2130.]
 [ 133.  144.]
 [ 369.  144.]
 [ 369.  380.]
 [ 133.  380.]
 [1276.  144.]
 [1513.  144.]
 [1513.  380.]
 [1276.  380.]]
(1080, 1920, 3)
Corners [[ 601.  661.]
 [ 725.  635.]
 [ 754.  714.]
 [ 624.  746.]
 [1161.  542.]
 [1266.  521.]
 [1319.  589.]
 [1210.  613.]
 [ 479.  224.]
 [ 570.  211.]
 [ 586.  253.]
 [ 490.  266.]
 [ 904.  163.]
 [ 983.  152.]
 [1012.  190.]
 [ 929.  202.]]
DestCorners [[ 133. 1894.]
 [ 369. 1894.]
 [ 369. 2130.]
 [ 133. 2130.]
 [1276. 1894.]
 [1513. 1894.]
 [1513. 2130.]
 [1276. 2130.]
 [ 133.  144.]
 [ 369.  144.]
 [ 369.  380.]
 [ 133.  380.]
 [1276.  144.]
 [1513.  144.]
 [1513.  380.]
 [1276.  380.]]
(1080, 1920, 3)
Corners [[ 601.  661.]
 [ 725.  635.]
 [ 754.  715.]
 [ 624.  745.]
 [1161.  542.]
 [1266.  521.]
 [1319.  589.]
 [1210.  613.]
 [ 479.  224.]
 [ 570.  211.]
 [ 586.  253.]
 [ 490.  266.]
 [ 904.  164.]
 [ 983.  152.]
 [1013.  190.]
 [ 930.  202.]]
DestCorners [[ 133. 1894.]
 [ 369. 1894.]
 [ 369. 2130.]
 [ 133. 2130.]
 [1276. 1894.]
 [1513. 1894.]
 [1513. 2130.]
 [1276. 2130.]
 [ 133.  144.]
 [ 369.  144.]
 [ 369.  380.]
 [ 133.  380.]
 [1276.  144.]
 [1513.  144.]
 [1513.  380.]
 [1276.  380.]]
(1080, 1920, 3)
Corners [[ 601.  661.]
 [ 725.  635.]
 [ 754.  715.]
 [ 624.  746.]
 [1161.  542.]
 [1266.  521.]
 [1319.  589.]
 [1210.  613.]
 [ 478.  224.]
 [ 570.  211.]
 [ 585.  254.]
 [ 490.  266.]
 [ 904.  164.]
 [ 983.  152.]
 [1012.  190.]
 [ 929.  202.]]
DestCorners [[ 133. 1894.]
 [ 369. 1894.]
 [ 369. 2130.]
 [ 133. 2130.]
 [1276. 1894.]
 [1513. 1894.]
 [1513. 2130.]
 [1276. 2130.]
 [ 133.  144.]
 [ 369.  144.]
 [ 369.  380.]
 [ 133.  380.]
 [1276.  144.]
 [1513.  144.]
 [1513.  380.]
 [1276.  380.]]
(1080, 1920, 3)
Corners [[ 601.  661.]
 [ 725.  635.]
 [ 754.  715.]
 [ 624.  746.]
 [1161.  542.]
 [1266.  521.]
 [1319.  589.]
 [1210.  613.]
 [ 478.  224.]
 [ 570.  211.]
 [ 585.  254.]
 [ 490.  266.]
 [ 904.  164.]
 [ 983.  152.]
 [1013.  190.]
 [ 929.  202.]]
DestCorners [[ 133. 1894.]
 [ 369. 1894.]
 [ 369. 2130.]
 [ 133. 2130.]
 [1276. 1894.]
 [1513. 1894.]
 [1513. 2130.]
 [1276. 2130.]
 [ 133.  144.]
 [ 369.  144.]
 [ 369.  380.]
 [ 133.  380.]
 [1276.  144.]
 [1513.  144.]
 [1513.  380.]
 [1276.  380.]]
(1080, 1920, 3)
Corners [[ 601.  661.]
 [ 725.  635.]
 [ 754.  715.]
 [ 625.  746.]
 [1161.  542.]
 [1266.  521.]
 [1319.  589.]
 [1210.  613.]
 [ 478.  224.]
 [ 570.  211.]
 [ 585.  254.]
 [ 490.  266.]
 [ 904.  164.]
 [ 983.  152.]
 [1013.  190.]
 [ 929.  202.]]
DestCorners [[ 133. 1894.]
 [ 369. 1894.]
 [ 369. 2130.]
 [ 133. 2130.]
 [1276. 1894.]
 [1513. 1894.]
 [1513. 2130.]
 [1276. 2130.]
 [ 133.  144.]
 [ 369.  144.]
 [ 369.  380.]
 [ 133.  380.]
 [1276.  144.]
 [1513.  144.]
 [1513.  380.]
 [1276.  380.]]
(1080, 1920, 3)
Corners [[ 601.  661.]
 [ 725.  635.]
 [ 754.  715.]
 [ 624.  746.]
 [1161.  542.]
 [1266.  521.]
 [1319.  589.]
 [1210.  613.]
 [ 478.  224.]
 [ 570.  211.]
 [ 585.  254.]
 [ 490.  266.]
 [ 904.  164.]
 [ 983.  152.]
 [1013.  190.]
 [ 930.  202.]]
DestCorners [[ 133. 1894.]
 [ 369. 1894.]
 [ 369. 2130.]
 [ 133. 2130.]
 [1276. 1894.]
 [1513. 1894.]
 [1513. 2130.]
 [1276. 2130.]
 [ 133.  144.]
 [ 369.  144.]
 [ 369.  380.]
 [ 133.  380.]
 [1276.  144.]
 [1513.  144.]
 [1513.  380.]
 [1276.  380.]]
(1080, 1920, 3)
Corners [[ 601.  661.]
 [ 725.  635.]
 [ 754.  715.]
 [ 625.  746.]
 [1161.  542.]
 [1265.  521.]
 [1319.  590.]
 [1210.  613.]
 [ 478.  224.]
 [ 570.  211.]
 [ 585.  254.]
 [ 490.  266.]
 [ 904.  164.]
 [ 983.  152.]
 [1012.  190.]
 [ 929.  202.]]
DestCorners [[ 133. 1894.]
 [ 369. 1894.]
 [ 369. 2130.]
 [ 133. 2130.]
 [1276. 1894.]
 [1513. 1894.]
 [1513. 2130.]
 [1276. 2130.]
 [ 133.  144.]
 [ 369.  144.]
 [ 369.  380.]
 [ 133.  380.]
 [1276.  144.]
 [1513.  144.]
 [1513.  380.]
 [1276.  380.]]
(1080, 1920, 3)
Corners [[ 601.  661.]
 [ 725.  635.]
 [ 754.  715.]
 [ 625.  746.]
 [1161.  542.]
 [1265.  521.]
 [1319.  590.]
 [1210.  613.]
 [ 478.  224.]
 [ 570.  211.]
 [ 585.  254.]
 [ 490.  266.]
 [ 904.  164.]
 [ 983.  152.]
 [1012.  190.]
 [ 929.  202.]]
DestCorners [[ 133. 1894.]
 [ 369. 1894.]
 [ 369. 2130.]
 [ 133. 2130.]
 [1276. 1894.]
 [1513. 1894.]
 [1513. 2130.]
 [1276. 2130.]
 [ 133.  144.]
 [ 369.  144.]
 [ 369.  380.]
 [ 133.  380.]
 [1276.  144.]
 [1513.  144.]
 [1513.  380.]
 [1276.  380.]]
(1080, 1920, 3)
Corners [[ 601.  661.]
 [ 725.  635.]
 [ 754.  715.]
 [ 625.  746.]
 [1161.  542.]
 [1265.  521.]
 [1319.  590.]
 [1210.  613.]
 [ 478.  224.]
 [ 570.  211.]
 [ 585.  254.]
 [ 490.  266.]
 [ 904.  164.]
 [ 983.  152.]
 [1012.  190.]
 [ 929.  202.]]
DestCorners [[ 133. 1894.]
 [ 369. 1894.]
 [ 369. 2130.]
 [ 133. 2130.]
 [1276. 1894.]
 [1513. 1894.]
 [1513. 2130.]
 [1276. 2130.]
 [ 133.  144.]
 [ 369.  144.]
 [ 369.  380.]
 [ 133.  380.]
 [1276.  144.]
 [1513.  144.]
 [1513.  380.]
 [1276.  380.]]
(1080, 1920, 3)
Corners [[ 601.  661.]
 [ 725.  635.]
 [ 754.  714.]
 [ 624.  746.]
 [1161.  542.]
 [1266.  521.]
 [1319.  589.]
 [1210.  613.]
 [ 478.  224.]
 [ 570.  211.]
 [ 585.  254.]
 [ 490.  266.]
 [ 904.  164.]
 [ 983.  152.]
 [1012.  190.]
 [ 929.  202.]]
DestCorners [[ 133. 1894.]
 [ 369. 1894.]
 [ 369. 2130.]
 [ 133. 2130.]
 [1276. 1894.]
 [1513. 1894.]
 [1513. 2130.]
 [1276. 2130.]
 [ 133.  144.]
 [ 369.  144.]
 [ 369.  380.]
 [ 133.  380.]
 [1276.  144.]
 [1513.  144.]
 [1513.  380.]
 [1276.  380.]]
(1080, 1920, 3)
Corners [[ 601.  661.]
 [ 725.  635.]
 [ 754.  714.]
 [ 624.  746.]
 [1161.  542.]
 [1266.  521.]
 [1319.  589.]
 [1210.  613.]
 [ 478.  224.]
 [ 570.  211.]
 [ 585.  254.]
 [ 490.  266.]
 [ 904.  164.]
 [ 983.  152.]
 [1012.  190.]
 [ 929.  202.]]
DestCorners [[ 133. 1894.]
 [ 369. 1894.]
 [ 369. 2130.]
 [ 133. 2130.]
 [1276. 1894.]
 [1513. 1894.]
 [1513. 2130.]
 [1276. 2130.]
 [ 133.  144.]
 [ 369.  144.]
 [ 369.  380.]
 [ 133.  380.]
 [1276.  144.]
 [1513.  144.]
 [1513.  380.]
 [1276.  380.]]
(1080, 1920, 3)
Corners [[ 601.  661.]
 [ 725.  635.]
 [ 754.  714.]
 [ 624.  746.]
 [1161.  542.]
 [1265.  521.]
 [1319.  590.]
 [1210.  613.]
 [ 478.  224.]
 [ 570.  211.]
 [ 586.  253.]
 [ 490.  266.]
 [ 904.  164.]
 [ 983.  152.]
 [1012.  190.]
 [ 929.  202.]]
DestCorners [[ 133. 1894.]
 [ 369. 1894.]
 [ 369. 2130.]
 [ 133. 2130.]
 [1276. 1894.]
 [1513. 1894.]
 [1513. 2130.]
 [1276. 2130.]
 [ 133.  144.]
 [ 369.  144.]
 [ 369.  380.]
 [ 133.  380.]
 [1276.  144.]
 [1513.  144.]
 [1513.  380.]
 [1276.  380.]]
(1080, 1920, 3)
Corners [[ 601.  661.]
 [ 725.  635.]
 [ 754.  714.]
 [ 624.  746.]
 [1161.  542.]
 [1265.  521.]
 [1319.  590.]
 [1210.  613.]
 [ 478.  224.]
 [ 570.  211.]
 [ 586.  253.]
 [ 490.  266.]
 [ 904.  164.]
 [ 983.  152.]
 [1012.  190.]
 [ 929.  202.]]
DestCorners [[ 133. 1894.]
 [ 369. 1894.]
 [ 369. 2130.]
 [ 133. 2130.]
 [1276. 1894.]
 [1513. 1894.]
 [1513. 2130.]
 [1276. 2130.]
 [ 133.  144.]
 [ 369.  144.]
 [ 369.  380.]
 [ 133.  380.]
 [1276.  144.]
 [1513.  144.]
 [1513.  380.]
 [1276.  380.]]
(1080, 1920, 3)
Corners [[ 601.  661.]
 [ 725.  635.]
 [ 754.  714.]
 [ 624.  746.]
 [1161.  542.]
 [1265.  521.]
 [1319.  590.]
 [1210.  613.]
 [ 478.  224.]
 [ 570.  211.]
 [ 586.  253.]
 [ 490.  266.]
 [ 904.  164.]
 [ 983.  152.]
 [1012.  190.]
 [ 929.  202.]]
DestCorners [[ 133. 1894.]
 [ 369. 1894.]
 [ 369. 2130.]
 [ 133. 2130.]
 [1276. 1894.]
 [1513. 1894.]
 [1513. 2130.]
 [1276. 2130.]
 [ 133.  144.]
 [ 369.  144.]
 [ 369.  380.]
 [ 133.  380.]
 [1276.  144.]
 [1513.  144.]
 [1513.  380.]
 [1276.  380.]]
(1080, 1920, 3)
Corners [[ 601.  661.]
 [ 725.  635.]
 [ 754.  715.]
 [ 624.  746.]
 [1161.  542.]
 [1265.  521.]
 [1319.  590.]
 [1210.  613.]
 [ 478.  224.]
 [ 570.  211.]
 [ 586.  253.]
 [ 490.  266.]
 [ 904.  164.]
 [ 983.  152.]
 [1012.  190.]
 [ 929.  202.]]
DestCorners [[ 133. 1894.]
 [ 369. 1894.]
 [ 369. 2130.]
 [ 133. 2130.]
 [1276. 1894.]
 [1513. 1894.]
 [1513. 2130.]
 [1276. 2130.]
 [ 133.  144.]
 [ 369.  144.]
 [ 369.  380.]
 [ 133.  380.]
 [1276.  144.]
 [1513.  144.]
 [1513.  380.]
 [1276.  380.]]
(1080, 1920, 3)
Corners [[ 601.  661.]
 [ 725.  635.]
 [ 754.  715.]
 [ 624.  746.]
 [1161.  542.]
 [1265.  521.]
 [1319.  590.]
 [1210.  613.]
 [ 478.  224.]
 [ 570.  211.]
 [ 585.  254.]
 [ 490.  266.]
 [ 904.  164.]
 [ 983.  152.]
 [1012.  190.]
 [ 929.  202.]]
DestCorners [[ 133. 1894.]
 [ 369. 1894.]
 [ 369. 2130.]
 [ 133. 2130.]
 [1276. 1894.]
 [1513. 1894.]
 [1513. 2130.]
 [1276. 2130.]
 [ 133.  144.]
 [ 369.  144.]
 [ 369.  380.]
 [ 133.  380.]
 [1276.  144.]
 [1513.  144.]
 [1513.  380.]
 [1276.  380.]]
(1080, 1920, 3)
Corners [[ 601.  661.]
 [ 725.  635.]
 [ 754.  715.]
 [ 624.  746.]
 [1161.  542.]
 [1265.  521.]
 [1319.  590.]
 [1210.  613.]
 [ 479.  224.]
 [ 570.  211.]
 [ 585.  254.]
 [ 490.  266.]
 [ 904.  164.]
 [ 983.  152.]
 [1012.  190.]
 [ 930.  203.]]
DestCorners [[ 133. 1894.]
 [ 369. 1894.]
 [ 369. 2130.]
 [ 133. 2130.]
 [1276. 1894.]
 [1513. 1894.]
 [1513. 2130.]
 [1276. 2130.]
 [ 133.  144.]
 [ 369.  144.]
 [ 369.  380.]
 [ 133.  380.]
 [1276.  144.]
 [1513.  144.]
 [1513.  380.]
 [1276.  380.]]
(1080, 1920, 3)
Corners [[ 601.  661.]
 [ 725.  635.]
 [ 754.  715.]
 [ 624.  746.]
 [1161.  542.]
 [1266.  521.]
 [1319.  589.]
 [1210.  613.]
 [ 479.  224.]
 [ 570.  211.]
 [ 585.  254.]
 [ 490.  266.]
 [ 904.  164.]
 [ 983.  152.]
 [1012.  190.]
 [ 929.  202.]]
DestCorners [[ 133. 1894.]
 [ 369. 1894.]
 [ 369. 2130.]
 [ 133. 2130.]
 [1276. 1894.]
 [1513. 1894.]
 [1513. 2130.]
 [1276. 2130.]
 [ 133.  144.]
 [ 369.  144.]
 [ 369.  380.]
 [ 133.  380.]
 [1276.  144.]
 [1513.  144.]
 [1513.  380.]
 [1276.  380.]]
(1080, 1920, 3)
Corners [[ 601.  661.]
 [ 725.  635.]
 [ 754.  715.]
 [ 624.  746.]
 [1161.  542.]
 [1265.  521.]
 [1319.  590.]
 [1210.  613.]
 [ 479.  224.]
 [ 570.  211.]
 [ 585.  254.]
 [ 490.  266.]
 [ 904.  164.]
 [ 983.  152.]
 [1012.  190.]
 [ 929.  202.]]
DestCorners [[ 133. 1894.]
 [ 369. 1894.]
 [ 369. 2130.]
 [ 133. 2130.]
 [1276. 1894.]
 [1513. 1894.]
 [1513. 2130.]
 [1276. 2130.]
 [ 133.  144.]
 [ 369.  144.]
 [ 369.  380.]
 [ 133.  380.]
 [1276.  144.]
 [1513.  144.]
 [1513.  380.]
 [1276.  380.]]
(1080, 1920, 3)
Corners [[ 601.  661.]
 [ 725.  635.]
 [ 754.  715.]
 [ 624.  746.]
 [1161.  542.]
 [1265.  521.]
 [1319.  590.]
 [1210.  613.]
 [ 479.  224.]
 [ 570.  211.]
 [ 585.  254.]
 [ 490.  266.]
 [ 904.  164.]
 [ 983.  152.]
 [1012.  190.]
 [ 930.  203.]]
DestCorners [[ 133. 1894.]
 [ 369. 1894.]
 [ 369. 2130.]
 [ 133. 2130.]
 [1276. 1894.]
 [1513. 1894.]
 [1513. 2130.]
 [1276. 2130.]
 [ 133.  144.]
 [ 369.  144.]
 [ 369.  380.]
 [ 133.  380.]
 [1276.  144.]
 [1513.  144.]
 [1513.  380.]
 [1276.  380.]]
(1080, 1920, 3)
Corners [[ 601.  661.]
 [ 725.  635.]
 [ 754.  715.]
 [ 624.  745.]
 [1161.  542.]
 [1265.  521.]
 [1319.  590.]
 [1210.  613.]
 [ 479.  224.]
 [ 570.  211.]
 [ 585.  254.]
 [ 490.  266.]
 [ 904.  164.]
 [ 983.  152.]
 [1012.  190.]
 [ 929.  202.]]
DestCorners [[ 133. 1894.]
 [ 369. 1894.]
 [ 369. 2130.]
 [ 133. 2130.]
 [1276. 1894.]
 [1513. 1894.]
 [1513. 2130.]
 [1276. 2130.]
 [ 133.  144.]
 [ 369.  144.]
 [ 369.  380.]
 [ 133.  380.]
 [1276.  144.]
 [1513.  144.]
 [1513.  380.]
 [1276.  380.]]
(1080, 1920, 3)
Corners [[ 601.  661.]
 [ 725.  635.]
 [ 754.  715.]
 [ 624.  745.]
 [1161.  542.]
 [1265.  521.]
 [1319.  590.]
 [1210.  613.]
 [ 479.  224.]
 [ 569.  211.]
 [ 586.  253.]
 [ 490.  266.]
 [ 904.  164.]
 [ 983.  152.]
 [1012.  190.]
 [ 929.  202.]]
DestCorners [[ 133. 1894.]
 [ 369. 1894.]
 [ 369. 2130.]
 [ 133. 2130.]
 [1276. 1894.]
 [1513. 1894.]
 [1513. 2130.]
 [1276. 2130.]
 [ 133.  144.]
 [ 369.  144.]
 [ 369.  380.]
 [ 133.  380.]
 [1276.  144.]
 [1513.  144.]
 [1513.  380.]
 [1276.  380.]]
(1080, 1920, 3)
Corners [[ 601.  661.]
 [ 725.  635.]
 [ 754.  715.]
 [ 624.  745.]
 [1161.  542.]
 [1265.  521.]
 [1319.  590.]
 [1210.  613.]
 [ 479.  224.]
 [ 571.  212.]
 [ 585.  254.]
 [ 490.  266.]
 [ 904.  164.]
 [ 983.  152.]
 [1012.  190.]
 [ 929.  202.]]
DestCorners [[ 133. 1894.]
 [ 369. 1894.]
 [ 369. 2130.]
 [ 133. 2130.]
 [1276. 1894.]
 [1513. 1894.]
 [1513. 2130.]
 [1276. 2130.]
 [ 133.  144.]
 [ 369.  144.]
 [ 369.  380.]
 [ 133.  380.]
 [1276.  144.]
 [1513.  144.]
 [1513.  380.]
 [1276.  380.]]
(1080, 1920, 3)
Corners [[ 601.  661.]
 [ 725.  635.]
 [ 754.  715.]
 [ 624.  745.]
 [1161.  542.]
 [1265.  521.]
 [1319.  590.]
 [1210.  613.]
 [ 479.  224.]
 [ 571.  212.]
 [ 585.  254.]
 [ 490.  266.]
 [ 904.  164.]
 [ 983.  152.]
 [1012.  190.]
 [ 929.  202.]]
DestCorners [[ 133. 1894.]
 [ 369. 1894.]
 [ 369. 2130.]
 [ 133. 2130.]
 [1276. 1894.]
 [1513. 1894.]
 [1513. 2130.]
 [1276. 2130.]
 [ 133.  144.]
 [ 369.  144.]
 [ 369.  380.]
 [ 133.  380.]
 [1276.  144.]
 [1513.  144.]
 [1513.  380.]
 [1276.  380.]]
(1080, 1920, 3)
--- 2.318592071533203 seconds ---
