[4;33mReloaded modules[24m: getCorners[0m
Corners [[ 601.  661.]
 [ 725.  635.]
 [ 754.  715.]
 [ 624.  745.]
 [1161.  542.]
 [1265.  520.]
 [1320.  590.]
 [1210.  613.]
 [ 478.  224.]
 [ 571.  212.]
 [ 586.  253.]
 [ 490.  266.]
 [ 904.  163.]
 [ 983.  152.]
 [1012.  190.]
 [ 929.  202.]]
DestCorners [[ 133. 1894.]
 [ 369. 1894.]
 [ 369. 2130.]
 [ 133. 2130.]
 [1276. 1894.]
 [1513. 1894.]
 [1513. 2130.]
 [1276. 2130.]
 [ 133.  144.]
 [ 369.  144.]
 [ 369.  380.]
 [ 133.  380.]
 [1276.  144.]
 [1513.  144.]
 [1513.  380.]
 [1276.  380.]]
H [[ 8.96408972e-04 -5.20125456e-05  8.98243861e-01]
 [-9.05780673e-05  3.07746817e-04  4.39491143e-01]
 [ 1.25248246e-07 -3.32003385e-07  2.14293143e-03]]
M [[ 2.97022178e+00 -6.88757849e-01 -1.10375926e+03]
 [ 9.18837325e-01  6.66937365e+00 -1.75295887e+03]
 [-3.12458927e-05  1.07353878e-03  1.00000000e+00]]
(1080, 1920, 3)
Corners [[ 601.  661.]
 [ 725.  635.]
 [ 754.  715.]
 [ 624.  745.]
 [1161.  542.]
 [1265.  520.]
 [1320.  590.]
 [1210.  613.]
 [ 478.  224.]
 [ 570.  211.]
 [ 586.  253.]
 [ 490.  266.]
 [ 904.  163.]
 [ 983.  152.]
 [1012.  190.]
 [ 929.  202.]]
DestCorners [[ 133. 1894.]
 [ 369. 1894.]
 [ 369. 2130.]
 [ 133. 2130.]
 [1276. 1894.]
 [1513. 1894.]
 [1513. 2130.]
 [1276. 2130.]
 [ 133.  144.]
 [ 369.  144.]
 [ 369.  380.]
 [ 133.  380.]
 [1276.  144.]
 [1513.  144.]
 [1513.  380.]
 [1276.  380.]]
H [[ 8.98314165e-04 -5.15093398e-05  8.98322481e-01]
 [-9.03265639e-05  3.08542846e-04  4.39330407e-01]
 [ 1.25931926e-07 -3.32012329e-07  2.14502725e-03]]
M [[ 2.96385049e+00 -6.89006759e-01 -1.10012208e+03]
 [ 9.13997413e-01  6.65569226e+00 -1.74595101e+03]
 [-3.25333531e-05  1.07063440e-03  1.00000000e+00]]
(1080, 1920, 3)
Corners [[ 601.  661.]
 [ 725.  635.]
 [ 754.  715.]
 [ 624.  745.]
 [1161.  542.]
 [1265.  520.]
 [1320.  590.]
 [1210.  613.]
 [ 479.  224.]
 [ 570.  211.]
 [ 586.  253.]
 [ 490.  266.]
 [ 904.  163.]
 [ 983.  152.]
 [1012.  190.]
 [ 929.  202.]]
DestCorners [[ 133. 1894.]
 [ 369. 1894.]
 [ 369. 2130.]
 [ 133. 2130.]
 [1276. 1894.]
 [1513. 1894.]
 [1513. 2130.]
 [1276. 2130.]
 [ 133.  144.]
 [ 369.  144.]
 [ 369.  380.]
 [ 133.  380.]
 [1276.  144.]
 [1513.  144.]
 [1513.  380.]
 [1276.  380.]]
H [[ 8.96264521e-04 -5.21877731e-05  8.98459175e-01]
 [-9.03895642e-05  3.07812797e-04  4.39050804e-01]
 [ 1.25241992e-07 -3.32198978e-07  2.14306395e-03]]
M [[ 2.97057607e+00 -6.88237179e-01 -1.10438617e+03]
 [ 9.17148926e-01  6.66837877e+00 -1.75066075e+03]
 [-3.14340050e-05  1.07389463e-03  1.00000000e+00]]
(1080, 1920, 3)
Corners [[ 601.  661.]
 [ 725.  635.]
 [ 754.  714.]
 [ 624.  746.]
 [1161.  542.]
 [1265.  520.]
 [1319.  589.]
 [1210.  613.]
 [ 479.  224.]
 [ 570.  211.]
 [ 586.  253.]
 [ 490.  266.]
 [ 904.  163.]
 [ 983.  152.]
 [1013.  189.]
 [ 929.  202.]]
DestCorners [[ 133. 1894.]
 [ 369. 1894.]
 [ 369. 2130.]
 [ 133. 2130.]
 [1276. 1894.]
 [1513. 1894.]
 [1513. 2130.]
 [1276. 2130.]
 [ 133.  144.]
 [ 369.  144.]
 [ 369.  380.]
 [ 133.  380.]
 [1276.  144.]
 [1513.  144.]
 [1513.  380.]
 [1276.  380.]]
H [[ 8.97888098e-04 -5.15386701e-05  8.98370143e-01]
 [-9.08211125e-05  3.08623616e-04  4.39232943e-01]
 [ 1.25960450e-07 -3.31445334e-07  2.14369736e-03]]
M [[ 2.96289418e+00 -6.87436151e-01 -1.10082284e+03]
 [ 9.17740936e-01  6.64996472e+00 -1.74714710e+03]
 [-3.21997179e-05  1.06856933e-03  1.00000000e+00]]
(1080, 1920, 3)
Corners [[ 601.  661.]
 [ 725.  635.]
 [ 754.  714.]
 [ 624.  746.]
 [1161.  542.]
 [1266.  521.]
 [1319.  589.]
 [1210.  613.]
 [ 479.  224.]
 [ 570.  211.]
 [ 586.  253.]
 [ 490.  266.]
 [ 904.  163.]
 [ 983.  152.]
 [1012.  190.]
 [ 929.  202.]]
DestCorners [[ 133. 1894.]
 [ 369. 1894.]
 [ 369. 2130.]
 [ 133. 2130.]
 [1276. 1894.]
 [1513. 1894.]
 [1513. 2130.]
 [1276. 2130.]
 [ 133.  144.]
 [ 369.  144.]
 [ 369.  380.]
 [ 133.  380.]
 [1276.  144.]
 [1513.  144.]
 [1513.  380.]
 [1276.  380.]]
H [[ 8.97276909e-04 -5.19716342e-05  8.98428759e-01]
 [-9.02771410e-05  3.08089729e-04  4.39113038e-01]
 [ 1.25853067e-07 -3.32089306e-07  2.14354413e-03]]
M [[ 2.96680366e+00 -6.87967503e-01 -1.10255078e+03]
 [ 9.15462079e-01  6.66157515e+00 -1.74834842e+03]
 [-3.23604438e-05  1.07243918e-03  1.00000000e+00]]
(1080, 1920, 3)
Corners [[ 601.  661.]
 [ 725.  635.]
 [ 754.  715.]
 [ 624.  745.]
 [1161.  542.]
 [1266.  521.]
 [1319.  589.]
 [1210.  613.]
 [ 479.  224.]
 [ 570.  211.]
 [ 586.  253.]
 [ 490.  266.]
 [ 904.  164.]
 [ 983.  152.]
 [1013.  190.]
 [ 930.  202.]]
DestCorners [[ 133. 1894.]
 [ 369. 1894.]
 [ 369. 2130.]
 [ 133. 2130.]
 [1276. 1894.]
 [1513. 1894.]
 [1513. 2130.]
 [1276. 2130.]
 [ 133.  144.]
 [ 369.  144.]
 [ 369.  380.]
 [ 133.  380.]
 [1276.  144.]
 [1513.  144.]
 [1513.  380.]
 [1276.  380.]]
H [[ 8.99164708e-04 -5.15633423e-05  8.98371610e-01]
 [-8.98801500e-05  3.08552505e-04  4.39229939e-01]
 [ 1.26583879e-07 -3.31575980e-07  2.14415749e-03]]
M [[ 2.95897549e+00 -6.86638983e-01 -1.09911106e+03]
 [ 9.10235053e-01  6.65028698e+00 -1.74368469e+03]
 [-3.39277780e-05  1.06894806e-03  1.00000000e+00]]
(1080, 1920, 3)
Corners [[ 601.  661.]
 [ 725.  635.]
 [ 754.  715.]
 [ 624.  746.]
 [1161.  542.]
 [1266.  521.]
 [1319.  589.]
 [1210.  613.]
 [ 478.  224.]
 [ 570.  211.]
 [ 585.  254.]
 [ 490.  266.]
 [ 904.  164.]
 [ 983.  152.]
 [1012.  190.]
 [ 929.  202.]]
DestCorners [[ 133. 1894.]
 [ 369. 1894.]
 [ 369. 2130.]
 [ 133. 2130.]
 [1276. 1894.]
 [1513. 1894.]
 [1513. 2130.]
 [1276. 2130.]
 [ 133.  144.]
 [ 369.  144.]
 [ 369.  380.]
 [ 133.  380.]
 [1276.  144.]
 [1513.  144.]
 [1513.  380.]
 [1276.  380.]]
H [[ 9.00196691e-04 -5.11254584e-05  8.97957007e-01]
 [-9.01964946e-05  3.08779717e-04  4.40076917e-01]
 [ 1.26984267e-07 -3.31973684e-07  2.14598058e-03]]
M [[ 2.95857270e+00 -6.89164258e-01 -1.09664820e+03]
 [ 9.12536019e-01  6.64997483e+00 -1.74555096e+03]
 [-3.39025733e-05  1.06950160e-03  1.00000000e+00]]
(1080, 1920, 3)
Corners [[ 601.  661.]
 [ 725.  635.]
 [ 754.  715.]
 [ 624.  746.]
 [1161.  542.]
 [1266.  521.]
 [1319.  589.]
 [1210.  613.]
 [ 478.  224.]
 [ 570.  211.]
 [ 585.  254.]
 [ 490.  266.]
 [ 904.  164.]
 [ 983.  152.]
 [1013.  190.]
 [ 929.  202.]]
DestCorners [[ 133. 1894.]
 [ 369. 1894.]
 [ 369. 2130.]
 [ 133. 2130.]
 [1276. 1894.]
 [1513. 1894.]
 [1513. 2130.]
 [1276. 2130.]
 [ 133.  144.]
 [ 369.  144.]
 [ 369.  380.]
 [ 133.  380.]
 [1276.  144.]
 [1513.  144.]
 [1513.  380.]
 [1276.  380.]]
H [[ 9.00829405e-04 -5.07210875e-05  8.97917685e-01]
 [-9.03127186e-05  3.09209016e-04  4.40157138e-01]
 [ 1.26908259e-07 -3.31468932e-07  2.14636989e-03]]
M [[ 2.95504446e+00 -6.89016406e-01 -1.09492366e+03]
 [ 9.11448927e-01  6.64160589e+00 -1.74329520e+03]
 [-3.39655355e-05  1.06641806e-03  1.00000000e+00]]
(1080, 1920, 3)
Corners [[ 601.  661.]
 [ 725.  635.]
 [ 754.  715.]
 [ 625.  746.]
 [1161.  542.]
 [1266.  521.]
 [1319.  589.]
 [1210.  613.]
 [ 478.  224.]
 [ 570.  211.]
 [ 585.  254.]
 [ 490.  266.]
 [ 904.  164.]
 [ 983.  152.]
 [1013.  190.]
 [ 929.  202.]]
DestCorners [[ 133. 1894.]
 [ 369. 1894.]
 [ 369. 2130.]
 [ 133. 2130.]
 [1276. 1894.]
 [1513. 1894.]
 [1513. 2130.]
 [1276. 2130.]
 [ 133.  144.]
 [ 369.  144.]
 [ 369.  380.]
 [ 133.  380.]
 [1276.  144.]
 [1513.  144.]
 [1513.  380.]
 [1276.  380.]]
H [[ 9.00815833e-04 -5.02040202e-05  8.97900719e-01]
 [-9.04018851e-05  3.09502592e-04  4.40191747e-01]
 [ 1.26818618e-07 -3.31070546e-07  2.14651250e-03]]
M [[ 2.95364662e+00 -6.90952402e-01 -1.09383468e+03]
 [ 9.11060899e-01  6.63494543e+00 -1.74175109e+03]
 [-3.39862791e-05  1.06417302e-03  1.00000000e+00]]
(1080, 1920, 3)
Corners [[ 601.  661.]
 [ 725.  635.]
 [ 754.  715.]
 [ 624.  746.]
 [1161.  542.]
 [1266.  521.]
 [1319.  589.]
 [1210.  613.]
 [ 478.  224.]
 [ 570.  211.]
 [ 585.  254.]
 [ 490.  266.]
 [ 904.  164.]
 [ 983.  152.]
 [1013.  190.]
 [ 930.  202.]]
DestCorners [[ 133. 1894.]
 [ 369. 1894.]
 [ 369. 2130.]
 [ 133. 2130.]
 [1276. 1894.]
 [1513. 1894.]
 [1513. 2130.]
 [1276. 2130.]
 [ 133.  144.]
 [ 369.  144.]
 [ 369.  380.]
 [ 133.  380.]
 [1276.  144.]
 [1513.  144.]
 [1513.  380.]
 [1276.  380.]]
H [[ 9.01839306e-04 -5.05497579e-05  8.97930281e-01]
 [-9.01955320e-05  3.09520021e-04  4.40131438e-01]
 [ 1.27384768e-07 -3.31261965e-07  2.14669677e-03]]
M [[ 2.95087222e+00 -6.88093037e-01 -1.09322666e+03]
 [ 9.09353760e-01  6.63415558e+00 -1.74055170e+03]
 [-3.47798081e-05  1.06456388e-03  1.00000000e+00]]
(1080, 1920, 3)
Corners [[ 601.  661.]
 [ 725.  635.]
 [ 754.  715.]
 [ 625.  746.]
 [1161.  542.]
 [1265.  521.]
 [1319.  590.]
 [1210.  613.]
 [ 478.  224.]
 [ 570.  211.]
 [ 585.  254.]
 [ 490.  266.]
 [ 904.  164.]
 [ 983.  152.]
 [1012.  190.]
 [ 929.  202.]]
DestCorners [[ 133. 1894.]
 [ 369. 1894.]
 [ 369. 2130.]
 [ 133. 2130.]
 [1276. 1894.]
 [1513. 1894.]
 [1513. 2130.]
 [1276. 2130.]
 [ 133.  144.]
 [ 369.  144.]
 [ 369.  380.]
 [ 133.  380.]
 [1276.  144.]
 [1513.  144.]
 [1513.  380.]
 [1276.  380.]]
H [[ 8.99862207e-04 -5.03822557e-05  8.98025244e-01]
 [-9.02140210e-05  3.09411659e-04  4.39937654e-01]
 [ 1.26635384e-07 -3.31212787e-07  2.14614650e-03]]
M [[ 2.95657885e+00 -6.91207524e-01 -1.09544906e+03]
 [ 9.10331987e-01  6.63610498e+00 -1.74124815e+03]
 [-3.39649585e-05  1.06492907e-03  1.00000000e+00]]
(1080, 1920, 3)
Corners [[ 601.  661.]
 [ 725.  635.]
 [ 754.  715.]
 [ 625.  746.]
 [1161.  542.]
 [1265.  521.]
 [1319.  590.]
 [1210.  613.]
 [ 478.  224.]
 [ 570.  211.]
 [ 585.  254.]
 [ 490.  266.]
 [ 904.  164.]
 [ 983.  152.]
 [1012.  190.]
 [ 929.  202.]]
DestCorners [[ 133. 1894.]
 [ 369. 1894.]
 [ 369. 2130.]
 [ 133. 2130.]
 [1276. 1894.]
 [1513. 1894.]
 [1513. 2130.]
 [1276. 2130.]
 [ 133.  144.]
 [ 369.  144.]
 [ 369.  380.]
 [ 133.  380.]
 [1276.  144.]
 [1513.  144.]
 [1513.  380.]
 [1276.  380.]]
H [[ 8.99862207e-04 -5.03822557e-05  8.98025244e-01]
 [-9.02140210e-05  3.09411659e-04  4.39937654e-01]
 [ 1.26635384e-07 -3.31212787e-07  2.14614650e-03]]
M [[ 2.95657885e+00 -6.91207524e-01 -1.09544906e+03]
 [ 9.10331987e-01  6.63610498e+00 -1.74124815e+03]
 [-3.39649585e-05  1.06492907e-03  1.00000000e+00]]
(1080, 1920, 3)
Corners [[ 601.  661.]
 [ 725.  635.]
 [ 754.  715.]
 [ 625.  746.]
 [1161.  542.]
 [1265.  521.]
 [1319.  590.]
 [1210.  613.]
 [ 478.  224.]
 [ 570.  211.]
 [ 585.  254.]
 [ 490.  266.]
 [ 904.  164.]
 [ 983.  152.]
 [1012.  190.]
 [ 929.  202.]]
DestCorners [[ 133. 1894.]
 [ 369. 1894.]
 [ 369. 2130.]
 [ 133. 2130.]
 [1276. 1894.]
 [1513. 1894.]
 [1513. 2130.]
 [1276. 2130.]
 [ 133.  144.]
 [ 369.  144.]
 [ 369.  380.]
 [ 133.  380.]
 [1276.  144.]
 [1513.  144.]
 [1513.  380.]
 [1276.  380.]]
H [[ 8.99862207e-04 -5.03822557e-05  8.98025244e-01]
 [-9.02140210e-05  3.09411659e-04  4.39937654e-01]
 [ 1.26635384e-07 -3.31212787e-07  2.14614650e-03]]
M [[ 2.95657885e+00 -6.91207524e-01 -1.09544906e+03]
 [ 9.10331987e-01  6.63610498e+00 -1.74124815e+03]
 [-3.39649585e-05  1.06492907e-03  1.00000000e+00]]
(1080, 1920, 3)
Corners [[ 601.  661.]
 [ 725.  635.]
 [ 754.  714.]
 [ 624.  746.]
 [1161.  542.]
 [1266.  521.]
 [1319.  589.]
 [1210.  613.]
 [ 478.  224.]
 [ 570.  211.]
 [ 585.  254.]
 [ 490.  266.]
 [ 904.  164.]
 [ 983.  152.]
 [1012.  190.]
 [ 929.  202.]]
DestCorners [[ 133. 1894.]
 [ 369. 1894.]
 [ 369. 2130.]
 [ 133. 2130.]
 [1276. 1894.]
 [1513. 1894.]
 [1513. 2130.]
 [1276. 2130.]
 [ 133.  144.]
 [ 369.  144.]
 [ 369.  380.]
 [ 133.  380.]
 [1276.  144.]
 [1513.  144.]
 [1513.  380.]
 [1276.  380.]]
H [[ 8.99707881e-04 -5.09410384e-05  8.97950104e-01]
 [-9.02744705e-05  3.08731566e-04  4.40091002e-01]
 [ 1.26483913e-07 -3.31717333e-07  2.14592389e-03]]
M [[ 2.95970118e+00 -6.90230710e-01 -1.09691664e+03]
 [ 9.12936842e-01  6.65201684e+00 -1.74622427e+03]
 [-3.33272224e-05  1.06895333e-03  1.00000000e+00]]
(1080, 1920, 3)
Corners [[ 601.  661.]
 [ 725.  635.]
 [ 754.  714.]
 [ 624.  746.]
 [1161.  542.]
 [1266.  521.]
 [1319.  589.]
 [1210.  613.]
 [ 478.  224.]
 [ 570.  211.]
 [ 585.  254.]
 [ 490.  266.]
 [ 904.  164.]
 [ 983.  152.]
 [1012.  190.]
 [ 929.  202.]]
DestCorners [[ 133. 1894.]
 [ 369. 1894.]
 [ 369. 2130.]
 [ 133. 2130.]
 [1276. 1894.]
 [1513. 1894.]
 [1513. 2130.]
 [1276. 2130.]
 [ 133.  144.]
 [ 369.  144.]
 [ 369.  380.]
 [ 133.  380.]
 [1276.  144.]
 [1513.  144.]
 [1513.  380.]
 [1276.  380.]]
H [[ 8.99707881e-04 -5.09410384e-05  8.97950104e-01]
 [-9.02744705e-05  3.08731566e-04  4.40091002e-01]
 [ 1.26483913e-07 -3.31717333e-07  2.14592389e-03]]
M [[ 2.95970118e+00 -6.90230710e-01 -1.09691664e+03]
 [ 9.12936842e-01  6.65201684e+00 -1.74622427e+03]
 [-3.33272224e-05  1.06895333e-03  1.00000000e+00]]
(1080, 1920, 3)
Corners [[ 601.  661.]
 [ 725.  635.]
 [ 754.  714.]
 [ 624.  746.]
 [1161.  542.]
 [1265.  521.]
 [1319.  590.]
 [1210.  613.]
 [ 478.  224.]
 [ 570.  211.]
 [ 586.  253.]
 [ 490.  266.]
 [ 904.  164.]
 [ 983.  152.]
 [1012.  190.]
 [ 929.  202.]]
DestCorners [[ 133. 1894.]
 [ 369. 1894.]
 [ 369. 2130.]
 [ 133. 2130.]
 [1276. 1894.]
 [1513. 1894.]
 [1513. 2130.]
 [1276. 2130.]
 [ 133.  144.]
 [ 369.  144.]
 [ 369.  380.]
 [ 133.  380.]
 [1276.  144.]
 [1513.  144.]
 [1513.  380.]
 [1276.  380.]]
H [[ 8.99699578e-04 -5.13251975e-05  8.98345660e-01]
 [-8.96545649e-05  3.08870531e-04  4.39283002e-01]
 [ 1.27021071e-07 -3.31892083e-07  2.14552462e-03]]
M [[ 2.95834597e+00 -6.88041842e-01 -1.09780710e+03]
 [ 9.08028302e-01  6.64577740e+00 -1.74087974e+03]
 [-3.46790965e-05  1.06877204e-03  1.00000000e+00]]
(1080, 1920, 3)
Corners [[ 601.  661.]
 [ 725.  635.]
 [ 754.  714.]
 [ 624.  746.]
 [1161.  542.]
 [1265.  521.]
 [1319.  590.]
 [1210.  613.]
 [ 478.  224.]
 [ 570.  211.]
 [ 586.  253.]
 [ 490.  266.]
 [ 904.  164.]
 [ 983.  152.]
 [1012.  190.]
 [ 929.  202.]]
DestCorners [[ 133. 1894.]
 [ 369. 1894.]
 [ 369. 2130.]
 [ 133. 2130.]
 [1276. 1894.]
 [1513. 1894.]
 [1513. 2130.]
 [1276. 2130.]
 [ 133.  144.]
 [ 369.  144.]
 [ 369.  380.]
 [ 133.  380.]
 [1276.  144.]
 [1513.  144.]
 [1513.  380.]
 [1276.  380.]]
H [[ 8.99699578e-04 -5.13251975e-05  8.98345660e-01]
 [-8.96545649e-05  3.08870531e-04  4.39283002e-01]
 [ 1.27021071e-07 -3.31892083e-07  2.14552462e-03]]
M [[ 2.95834597e+00 -6.88041842e-01 -1.09780710e+03]
 [ 9.08028302e-01  6.64577740e+00 -1.74087974e+03]
 [-3.46790965e-05  1.06877204e-03  1.00000000e+00]]
(1080, 1920, 3)
Corners [[ 601.  661.]
 [ 725.  635.]
 [ 754.  714.]
 [ 624.  746.]
 [1161.  542.]
 [1265.  521.]
 [1319.  590.]
 [1210.  613.]
 [ 478.  224.]
 [ 570.  211.]
 [ 586.  253.]
 [ 490.  266.]
 [ 904.  164.]
 [ 983.  152.]
 [1012.  190.]
 [ 929.  202.]]
DestCorners [[ 133. 1894.]
 [ 369. 1894.]
 [ 369. 2130.]
 [ 133. 2130.]
 [1276. 1894.]
 [1513. 1894.]
 [1513. 2130.]
 [1276. 2130.]
 [ 133.  144.]
 [ 369.  144.]
 [ 369.  380.]
 [ 133.  380.]
 [1276.  144.]
 [1513.  144.]
 [1513.  380.]
 [1276.  380.]]
H [[ 8.99699578e-04 -5.13251975e-05  8.98345660e-01]
 [-8.96545649e-05  3.08870531e-04  4.39283002e-01]
 [ 1.27021071e-07 -3.31892083e-07  2.14552462e-03]]
M [[ 2.95834597e+00 -6.88041842e-01 -1.09780710e+03]
 [ 9.08028302e-01  6.64577740e+00 -1.74087974e+03]
 [-3.46790965e-05  1.06877204e-03  1.00000000e+00]]
(1080, 1920, 3)
Corners [[ 601.  661.]
 [ 725.  635.]
 [ 754.  715.]
 [ 624.  746.]
 [1161.  542.]
 [1265.  521.]
 [1319.  590.]
 [1210.  613.]
 [ 478.  224.]
 [ 570.  211.]
 [ 586.  253.]
 [ 490.  266.]
 [ 904.  164.]
 [ 983.  152.]
 [1012.  190.]
 [ 929.  202.]]
DestCorners [[ 133. 1894.]
 [ 369. 1894.]
 [ 369. 2130.]
 [ 133. 2130.]
 [1276. 1894.]
 [1513. 1894.]
 [1513. 2130.]
 [1276. 2130.]
 [ 133.  144.]
 [ 369.  144.]
 [ 369.  380.]
 [ 133.  380.]
 [1276.  144.]
 [1513.  144.]
 [1513.  380.]
 [1276.  380.]]
H [[ 9.00189396e-04 -5.15091084e-05  8.98352559e-01]
 [-8.95764577e-05  3.08919209e-04  4.39268892e-01]
 [ 1.27521785e-07 -3.32148076e-07  2.14558220e-03]]
M [[ 2.95721135e+00 -6.86977765e-01 -1.09753444e+03]
 [ 9.07625634e-01  6.64372269e+00 -1.74020298e+03]
 [-3.52551080e-05  1.06931552e-03  1.00000000e+00]]
(1080, 1920, 3)
Corners [[ 601.  661.]
 [ 725.  635.]
 [ 754.  715.]
 [ 624.  746.]
 [1161.  542.]
 [1265.  521.]
 [1319.  590.]
 [1210.  613.]
 [ 478.  224.]
 [ 570.  211.]
 [ 585.  254.]
 [ 490.  266.]
 [ 904.  164.]
 [ 983.  152.]
 [1012.  190.]
 [ 929.  202.]]
DestCorners [[ 133. 1894.]
 [ 369. 1894.]
 [ 369. 2130.]
 [ 133. 2130.]
 [1276. 1894.]
 [1513. 1894.]
 [1513. 2130.]
 [1276. 2130.]
 [ 133.  144.]
 [ 369.  144.]
 [ 369.  380.]
 [ 133.  380.]
 [1276.  144.]
 [1513.  144.]
 [1513.  380.]
 [1276.  380.]]
H [[ 8.99875500e-04 -5.08993501e-05  8.98042158e-01]
 [-9.01249728e-05  3.09117873e-04  4.39903126e-01]
 [ 1.26724930e-07 -3.31611227e-07  2.14600356e-03]]
M [[ 2.95797957e+00 -6.89269835e-01 -1.09653986e+03]
 [ 9.10720672e-01  6.64277301e+00 -1.74279402e+03]
 [-3.39442401e-05  1.06717711e-03  1.00000000e+00]]
(1080, 1920, 3)
Corners [[ 601.  661.]
 [ 725.  635.]
 [ 754.  715.]
 [ 624.  746.]
 [1161.  542.]
 [1265.  521.]
 [1319.  590.]
 [1210.  613.]
 [ 479.  224.]
 [ 570.  211.]
 [ 585.  254.]
 [ 490.  266.]
 [ 904.  164.]
 [ 983.  152.]
 [1012.  190.]
 [ 930.  203.]]
DestCorners [[ 133. 1894.]
 [ 369. 1894.]
 [ 369. 2130.]
 [ 133. 2130.]
 [1276. 1894.]
 [1513. 1894.]
 [1513. 2130.]
 [1276. 2130.]
 [ 133.  144.]
 [ 369.  144.]
 [ 369.  380.]
 [ 133.  380.]
 [1276.  144.]
 [1513.  144.]
 [1513.  380.]
 [1276.  380.]]
H [[ 8.99431977e-04 -5.14494095e-05  8.98155675e-01]
 [-8.97078351e-05  3.08606738e-04  4.39671321e-01]
 [ 1.27017014e-07 -3.31712945e-07  2.14449301e-03]]
M [[ 2.95890759e+00 -6.87280845e-01 -1.09833976e+03]
 [ 9.09392587e-01  6.64850300e+00 -1.74397036e+03]
 [-3.45882784e-05  1.06910624e-03  1.00000000e+00]]
(1080, 1920, 3)
Corners [[ 601.  661.]
 [ 725.  635.]
 [ 754.  715.]
 [ 624.  746.]
 [1161.  542.]
 [1266.  521.]
 [1319.  589.]
 [1210.  613.]
 [ 479.  224.]
 [ 570.  211.]
 [ 585.  254.]
 [ 490.  266.]
 [ 904.  164.]
 [ 983.  152.]
 [1012.  190.]
 [ 929.  202.]]
DestCorners [[ 133. 1894.]
 [ 369. 1894.]
 [ 369. 2130.]
 [ 133. 2130.]
 [1276. 1894.]
 [1513. 1894.]
 [1513. 2130.]
 [1276. 2130.]
 [ 133.  144.]
 [ 369.  144.]
 [ 369.  380.]
 [ 133.  380.]
 [1276.  144.]
 [1513.  144.]
 [1513.  380.]
 [1276.  380.]]
H [[ 8.98136677e-04 -5.18060183e-05  8.98094458e-01]
 [-9.02608137e-05  3.08047013e-04  4.39796356e-01]
 [ 1.26288716e-07 -3.32160619e-07  2.14401085e-03]]
M [[ 2.96530169e+00 -6.88398084e-01 -1.10091144e+03]
 [ 9.15693202e-01  6.66267328e+00 -1.75027022e+03]
 [-3.28016284e-05  1.07276266e-03  1.00000000e+00]]
(1080, 1920, 3)
Corners [[ 601.  661.]
 [ 725.  635.]
 [ 754.  715.]
 [ 624.  746.]
 [1161.  542.]
 [1265.  521.]
 [1319.  590.]
 [1210.  613.]
 [ 479.  224.]
 [ 570.  211.]
 [ 585.  254.]
 [ 490.  266.]
 [ 904.  164.]
 [ 983.  152.]
 [1012.  190.]
 [ 929.  202.]]
DestCorners [[ 133. 1894.]
 [ 369. 1894.]
 [ 369. 2130.]
 [ 133. 2130.]
 [1276. 1894.]
 [1513. 1894.]
 [1513. 2130.]
 [1276. 2130.]
 [ 133.  144.]
 [ 369.  144.]
 [ 369.  380.]
 [ 133.  380.]
 [1276.  144.]
 [1513.  144.]
 [1513.  380.]
 [1276.  380.]]
H [[-8.97816986e-04  5.15801965e-05 -8.98179381e-01]
 [ 9.01892939e-05 -3.08384715e-04 -4.39622896e-01]
 [-1.26030421e-07  3.31798853e-07 -2.14403421e-03]]
M [[ 2.96469995e+00 -6.88503501e-01 -1.10079886e+03]
 [ 9.13870516e-01  6.65544562e+00 -1.74750288e+03]
 [-3.28452133e-05  1.07043150e-03  1.00000000e+00]]
(1080, 1920, 3)
Corners [[ 601.  661.]
 [ 725.  635.]
 [ 754.  715.]
 [ 624.  746.]
 [1161.  542.]
 [1265.  521.]
 [1319.  590.]
 [1210.  613.]
 [ 479.  224.]
 [ 570.  211.]
 [ 585.  254.]
 [ 490.  266.]
 [ 904.  164.]
 [ 983.  152.]
 [1012.  190.]
 [ 930.  203.]]
DestCorners [[ 133. 1894.]
 [ 369. 1894.]
 [ 369. 2130.]
 [ 133. 2130.]
 [1276. 1894.]
 [1513. 1894.]
 [1513. 2130.]
 [1276. 2130.]
 [ 133.  144.]
 [ 369.  144.]
 [ 369.  380.]
 [ 133.  380.]
 [1276.  144.]
 [1513.  144.]
 [1513.  380.]
 [1276.  380.]]
H [[ 8.99431977e-04 -5.14494095e-05  8.98155675e-01]
 [-8.97078351e-05  3.08606738e-04  4.39671321e-01]
 [ 1.27017014e-07 -3.31712945e-07  2.14449301e-03]]
M [[ 2.95890759e+00 -6.87280845e-01 -1.09833976e+03]
 [ 9.09392587e-01  6.64850300e+00 -1.74397036e+03]
 [-3.45882784e-05  1.06910624e-03  1.00000000e+00]]
(1080, 1920, 3)
Corners [[ 601.  661.]
 [ 725.  635.]
 [ 754.  715.]
 [ 624.  745.]
 [1161.  542.]
 [1265.  521.]
 [1319.  590.]
 [1210.  613.]
 [ 479.  224.]
 [ 570.  211.]
 [ 585.  254.]
 [ 490.  266.]
 [ 904.  164.]
 [ 983.  152.]
 [1012.  190.]
 [ 929.  202.]]
DestCorners [[ 133. 1894.]
 [ 369. 1894.]
 [ 369. 2130.]
 [ 133. 2130.]
 [1276. 1894.]
 [1513. 1894.]
 [1513. 2130.]
 [1276. 2130.]
 [ 133.  144.]
 [ 369.  144.]
 [ 369.  380.]
 [ 133.  380.]
 [1276.  144.]
 [1513.  144.]
 [1513.  380.]
 [1276.  380.]]
H [[-8.96889762e-04  5.13033440e-05 -8.98172973e-01]
 [ 9.03581177e-05 -3.08348966e-04 -4.39635990e-01]
 [-1.25128579e-07  3.31388373e-07 -2.14388550e-03]]
M [[ 2.96689093e+00 -6.90114987e-01 -1.10144957e+03]
 [ 9.14714026e-01  6.65800942e+00 -1.74854110e+03]
 [-3.17728598e-05  1.06943206e-03  1.00000000e+00]]
(1080, 1920, 3)
Corners [[ 601.  661.]
 [ 725.  635.]
 [ 754.  715.]
 [ 624.  745.]
 [1161.  542.]
 [1265.  521.]
 [1319.  590.]
 [1210.  613.]
 [ 479.  224.]
 [ 569.  211.]
 [ 586.  253.]
 [ 490.  266.]
 [ 904.  164.]
 [ 983.  152.]
 [1012.  190.]
 [ 929.  202.]]
DestCorners [[ 133. 1894.]
 [ 369. 1894.]
 [ 369. 2130.]
 [ 133. 2130.]
 [1276. 1894.]
 [1513. 1894.]
 [1513. 2130.]
 [1276. 2130.]
 [ 133.  144.]
 [ 369.  144.]
 [ 369.  380.]
 [ 133.  380.]
 [1276.  144.]
 [1513.  144.]
 [1513.  380.]
 [1276.  380.]]
H [[-8.97957305e-04  5.13303826e-05 -8.98347576e-01]
 [ 8.99779291e-05 -3.08624016e-04 -4.39279091e-01]
 [-1.25827225e-07  3.31651916e-07 -2.14472594e-03]]
M [[ 2.96353888e+00 -6.89322530e-01 -1.10013267e+03]
 [ 9.10971727e-01  6.65230093e+00 -1.74408574e+03]
 [-3.29964872e-05  1.06912674e-03  1.00000000e+00]]
(1080, 1920, 3)
Corners [[ 601.  661.]
 [ 725.  635.]
 [ 754.  715.]
 [ 624.  745.]
 [1161.  542.]
 [1265.  521.]
 [1319.  590.]
 [1210.  613.]
 [ 479.  224.]
 [ 571.  212.]
 [ 585.  254.]
 [ 490.  266.]
 [ 904.  164.]
 [ 983.  152.]
 [1012.  190.]
 [ 929.  202.]]
DestCorners [[ 133. 1894.]
 [ 369. 1894.]
 [ 369. 2130.]
 [ 133. 2130.]
 [1276. 1894.]
 [1513. 1894.]
 [1513. 2130.]
 [1276. 2130.]
 [ 133.  144.]
 [ 369.  144.]
 [ 369.  380.]
 [ 133.  380.]
 [1276.  144.]
 [1513.  144.]
 [1513.  380.]
 [1276.  380.]]
H [[-8.94992871e-04  5.18061119e-05 -8.98094533e-01]
 [ 9.06085058e-05 -3.07554646e-04 -4.39796221e-01]
 [-1.24449413e-07  3.31380954e-07 -2.14179597e-03]]
M [[ 2.97325570e+00 -6.89864473e-01 -1.10508417e+03]
 [ 9.19546774e-01  6.67168304e+00 -1.75554576e+03]
 [-3.04882948e-05  1.07233463e-03  1.00000000e+00]]
(1080, 1920, 3)
Corners [[ 601.  661.]
 [ 725.  635.]
 [ 754.  715.]
 [ 624.  745.]
 [1161.  542.]
 [1265.  521.]
 [1319.  590.]
 [1210.  613.]
 [ 479.  224.]
 [ 571.  212.]
 [ 585.  254.]
 [ 490.  266.]
 [ 904.  164.]
 [ 983.  152.]
 [1012.  190.]
 [ 929.  202.]]
DestCorners [[ 133. 1894.]
 [ 369. 1894.]
 [ 369. 2130.]
 [ 133. 2130.]
 [1276. 1894.]
 [1513. 1894.]
 [1513. 2130.]
 [1276. 2130.]
 [ 133.  144.]
 [ 369.  144.]
 [ 369.  380.]
 [ 133.  380.]
 [1276.  144.]
 [1513.  144.]
 [1513.  380.]
 [1276.  380.]]
H [[-8.94992871e-04  5.18061119e-05 -8.98094533e-01]
 [ 9.06085058e-05 -3.07554646e-04 -4.39796221e-01]
 [-1.24449413e-07  3.31380954e-07 -2.14179597e-03]]
M [[ 2.97325570e+00 -6.89864473e-01 -1.10508417e+03]
 [ 9.19546774e-01  6.67168304e+00 -1.75554576e+03]
 [-3.04882948e-05  1.07233463e-03  1.00000000e+00]]
(1080, 1920, 3)
Corners [[ 601.  661.]
 [ 725.  635.]
 [ 754.  715.]
 [ 624.  745.]
 [1161.  542.]
 [1265.  521.]
 [1319.  590.]
 [1210.  613.]
 [ 479.  224.]
 [ 569.  211.]
 [ 586.  253.]
 [ 490.  266.]
 [ 904.  164.]
 [ 983.  152.]
 [1012.  190.]
 [ 929.  202.]]
DestCorners [[ 133. 1894.]
 [ 369. 1894.]
 [ 369. 2130.]
 [ 133. 2130.]
 [1276. 1894.]
 [1513. 1894.]
 [1513. 2130.]
 [1276. 2130.]
 [ 133.  144.]
 [ 369.  144.]
 [ 369.  380.]
 [ 133.  380.]
 [1276.  144.]
 [1513.  144.]
 [1513.  380.]
 [1276.  380.]]
H [[-8.97957305e-04  5.13303826e-05 -8.98347576e-01]
 [ 8.99779291e-05 -3.08624016e-04 -4.39279091e-01]
 [-1.25827225e-07  3.31651916e-07 -2.14472594e-03]]
M [[ 2.96353888e+00 -6.89322530e-01 -1.10013267e+03]
 [ 9.10971727e-01  6.65230093e+00 -1.74408574e+03]
 [-3.29964872e-05  1.06912674e-03  1.00000000e+00]]
(1080, 1920, 3)
Corners [[ 601.  661.]
 [ 725.  635.]
 [ 754.  715.]
 [ 624.  746.]
 [1161.  542.]
 [1265.  521.]
 [1319.  590.]
 [1210.  613.]
 [ 479.  224.]
 [ 569.  211.]
 [ 586.  253.]
 [ 490.  266.]
 [ 904.  164.]
 [ 983.  152.]
 [1012.  190.]
 [ 929.  202.]]
DestCorners [[ 133. 1894.]
 [ 369. 1894.]
 [ 369. 2130.]
 [ 133. 2130.]
 [1276. 1894.]
 [1513. 1894.]
 [1513. 2130.]
 [1276. 2130.]
 [ 133.  144.]
 [ 369.  144.]
 [ 369.  380.]
 [ 133.  380.]
 [1276.  144.]
 [1513.  144.]
 [1513.  380.]
 [1276.  380.]]
H [[ 8.98884977e-04 -5.16072658e-05  8.98354001e-01]
 [-8.98090130e-05  3.08659852e-04  4.39265950e-01]
 [ 1.26729399e-07 -3.32062511e-07  2.14487488e-03]]
M [[ 2.96135068e+00 -6.87713774e-01 -1.09948233e+03]
 [ 9.10130116e-01  6.64973996e+00 -1.74304968e+03]
 [-3.40672721e-05  1.07012452e-03  1.00000000e+00]]
(1080, 1920, 3)
Corners [[ 601.  661.]
 [ 725.  635.]
 [ 754.  715.]
 [ 624.  746.]
 [1161.  542.]
 [1265.  521.]
 [1319.  590.]
 [1210.  613.]
 [ 479.  224.]
 [ 569.  211.]
 [ 586.  253.]
 [ 490.  266.]
 [ 904.  164.]
 [ 983.  152.]
 [1012.  190.]
 [ 929.  202.]]
DestCorners [[ 133. 1894.]
 [ 369. 1894.]
 [ 369. 2130.]
 [ 133. 2130.]
 [1276. 1894.]
 [1513. 1894.]
 [1513. 2130.]
 [1276. 2130.]
 [ 133.  144.]
 [ 369.  144.]
 [ 369.  380.]
 [ 133.  380.]
 [1276.  144.]
 [1513.  144.]
 [1513.  380.]
 [1276.  380.]]
H [[ 8.98884977e-04 -5.16072658e-05  8.98354001e-01]
 [-8.98090130e-05  3.08659852e-04  4.39265950e-01]
 [ 1.26729399e-07 -3.32062511e-07  2.14487488e-03]]
M [[ 2.96135068e+00 -6.87713774e-01 -1.09948233e+03]
 [ 9.10130116e-01  6.64973996e+00 -1.74304968e+03]
 [-3.40672721e-05  1.07012452e-03  1.00000000e+00]]
(1080, 1920, 3)
Corners [[ 601.  661.]
 [ 725.  635.]
 [ 754.  714.]
 [ 624.  745.]
 [1161.  542.]
 [1266.  521.]
 [1319.  589.]
 [1210.  613.]
 [ 479.  224.]
 [ 571.  212.]
 [ 585.  254.]
 [ 490.  265.]
 [ 904.  164.]
 [ 983.  152.]
 [1012.  190.]
 [ 930.  202.]]
DestCorners [[ 133. 1894.]
 [ 369. 1894.]
 [ 369. 2130.]
 [ 133. 2130.]
 [1276. 1894.]
 [1513. 1894.]
 [1513. 2130.]
 [1276. 2130.]
 [ 133.  144.]
 [ 369.  144.]
 [ 369.  380.]
 [ 133.  380.]
 [1276.  144.]
 [1513.  144.]
 [1513.  380.]
 [1276.  380.]]
H [[ 8.96855528e-04 -5.19726149e-05  8.98252540e-01]
 [-9.00841252e-05  3.07578867e-04  4.39473405e-01]
 [ 1.25526003e-07 -3.31760142e-07  2.14267470e-03]]
M [[ 2.96801109e+00 -6.88286644e-01 -1.10307917e+03]
 [ 9.15236236e-01  6.67073425e+00 -1.75188686e+03]
 [-3.21671776e-05  1.07318292e-03  1.00000000e+00]]
(1080, 1920, 3)
Corners [[ 602.  659.]
 [ 726.  634.]
 [ 755.  712.]
 [ 626.  744.]
 [1161.  541.]
 [1265.  519.]
 [1319.  587.]
 [1211.  612.]
 [ 480.  223.]
 [ 571.  211.]
 [ 587.  252.]
 [ 491.  265.]
 [ 904.  164.]
 [ 984.  152.]
 [1013.  189.]
 [ 931.  202.]]
DestCorners [[ 133. 1894.]
 [ 369. 1894.]
 [ 369. 2130.]
 [ 133. 2130.]
 [1276. 1894.]
 [1513. 1894.]
 [1513. 2130.]
 [1276. 2130.]
 [ 133.  144.]
 [ 369.  144.]
 [ 369.  380.]
 [ 133.  380.]
 [1276.  144.]
 [1513.  144.]
 [1513.  380.]
 [1276.  380.]]
H [[ 8.99577963e-04 -5.16696426e-05  8.99379412e-01]
 [-8.85460456e-05  3.07639747e-04  4.37162639e-01]
 [ 1.28822072e-07 -3.31294370e-07  2.14153426e-03]]
M [[ 2.95274399e+00 -6.88196543e-01 -1.09957773e+03]
 [ 9.03626099e-01  6.65250424e+00 -1.73750619e+03]
 [-3.78291135e-05  1.07053744e-03  1.00000000e+00]]
(1080, 1920, 3)
Corners [[ 602.  659.]
 [ 726.  633.]
 [ 755.  712.]
 [ 625.  743.]
 [1161.  540.]
 [1266.  519.]
 [1319.  587.]
 [1210.  611.]
 [ 480.  223.]
 [ 571.  210.]
 [ 587.  251.]
 [ 493.  265.]
 [ 905.  163.]
 [ 984.  151.]
 [1013.  189.]
 [ 931.  201.]]
DestCorners [[ 133. 1894.]
 [ 369. 1894.]
 [ 369. 2130.]
 [ 133. 2130.]
 [1276. 1894.]
 [1513. 1894.]
 [1513. 2130.]
 [1276. 2130.]
 [ 133.  144.]
 [ 369.  144.]
 [ 369.  380.]
 [ 133.  380.]
 [1276.  144.]
 [1513.  144.]
 [1513.  380.]
 [1276.  380.]]
H [[ 8.95697314e-04 -5.24431009e-05  9.00017475e-01]
 [-8.95339869e-05  3.07220991e-04  4.35847521e-01]
 [ 1.26339811e-07 -3.30898452e-07  2.13911414e-03]]
M [[ 2.96287109e+00 -6.86304223e-01 -1.10677204e+03]
 [ 9.11663894e-01  6.66326595e+00 -1.74122606e+03]
 [-3.39675196e-05  1.07127145e-03  1.00000000e+00]]
(1080, 1920, 3)
--- 2.638230323791504 seconds ---
[4;33mReloaded modules[24m: getCorners[0m
Corners [[ 601.  661.]
 [ 725.  635.]
 [ 754.  715.]
 [ 624.  745.]
 [1161.  542.]
 [1265.  520.]
 [1320.  590.]
 [1210.  613.]
 [ 478.  224.]
 [ 571.  212.]
 [ 586.  253.]
 [ 490.  266.]
 [ 904.  163.]
 [ 983.  152.]
 [1012.  190.]
 [ 929.  202.]]
DestCorners [[ 133. 1894.]
 [ 369. 1894.]
 [ 369. 2130.]
 [ 133. 2130.]
 [1276. 1894.]
 [1513. 1894.]
 [1513. 2130.]
 [1276. 2130.]
 [ 133.  144.]
 [ 369.  144.]
 [ 369.  380.]
 [ 133.  380.]
 [1276.  144.]
 [1513.  144.]
 [1513.  380.]
 [1276.  380.]]
H [[ 8.96408972e-04 -5.20125456e-05  8.98243861e-01]
 [-9.05780673e-05  3.07746817e-04  4.39491143e-01]
 [ 1.25248246e-07 -3.32003385e-07  2.14293143e-03]]
M [[ 2.97022178e+00 -6.88757849e-01 -1.10375926e+03]
 [ 9.18837325e-01  6.66937365e+00 -1.75295887e+03]
 [-3.12458927e-05  1.07353878e-03  1.00000000e+00]]
(1080, 1920, 3)
--- 0.09003043174743652 seconds ---
[4;33mReloaded modules[24m: getCorners[0m
Corners [[ 601.  661.]
 [ 725.  635.]
 [ 754.  715.]
 [ 624.  745.]
 [1161.  542.]
 [1265.  520.]
 [1320.  590.]
 [1210.  613.]
 [ 478.  224.]
 [ 571.  212.]
 [ 586.  253.]
 [ 490.  266.]
 [ 904.  163.]
 [ 983.  152.]
 [1012.  190.]
 [ 929.  202.]]
DestCorners [[ 133. 1894.]
 [ 369. 1894.]
 [ 369. 2130.]
 [ 133. 2130.]
 [1276. 1894.]
 [1513. 1894.]
 [1513. 2130.]
 [1276. 2130.]
 [ 133.  144.]
 [ 369.  144.]
 [ 369.  380.]
 [ 133.  380.]
 [1276.  144.]
 [1513.  144.]
 [1513.  380.]
 [1276.  380.]]
H [[ 8.96408972e-04 -5.20125456e-05  8.98243861e-01]
 [-9.05780673e-05  3.07746817e-04  4.39491143e-01]
 [ 1.25248246e-07 -3.32003385e-07  2.14293143e-03]]
M [[ 2.97022178e+00 -6.88757849e-01 -1.10375926e+03]
 [ 9.18837325e-01  6.66937365e+00 -1.75295887e+03]
 [-3.12458927e-05  1.07353878e-03  1.00000000e+00]]
(1080, 1920, 3)
--- 0.09645676612854004 seconds ---
[4;33mReloaded modules[24m: getCorners[0m
Corners [[ 601.  661.]
 [ 725.  635.]
 [ 754.  715.]
 [ 624.  745.]
 [1161.  542.]
 [1265.  520.]
 [1320.  590.]
 [1210.  613.]
 [ 478.  224.]
 [ 571.  212.]
 [ 586.  253.]
 [ 490.  266.]
 [ 904.  163.]
 [ 983.  152.]
 [1012.  190.]
 [ 929.  202.]]
DestCorners [[ 133. 1894.]
 [ 369. 1894.]
 [ 369. 2130.]
 [ 133. 2130.]
 [1276. 1894.]
 [1513. 1894.]
 [1513. 2130.]
 [1276. 2130.]
 [ 133.  144.]
 [ 369.  144.]
 [ 369.  380.]
 [ 133.  380.]
 [1276.  144.]
 [1513.  144.]
 [1513.  380.]
 [1276.  380.]]
[[ 8.96408972e-04 -5.20125456e-05  8.98243861e-01]
 [-9.05780673e-05  3.07746817e-04  4.39491143e-01]
 [ 1.25248246e-07 -3.32003385e-07  2.14293143e-03]]
[[ 2.97022178e+00 -6.88757849e-01 -1.10375926e+03]
 [ 9.18837325e-01  6.66937365e+00 -1.75295887e+03]
 [-3.12458927e-05  1.07353878e-03  1.00000000e+00]]
(1080, 1920, 3)
Corners [[ 601.  661.]
 [ 725.  635.]
 [ 754.  715.]
 [ 624.  745.]
 [1161.  542.]
 [1265.  520.]
 [1320.  590.]
 [1210.  613.]
 [ 478.  224.]
 [ 570.  211.]
 [ 586.  253.]
 [ 490.  266.]
 [ 904.  163.]
 [ 983.  152.]
 [1012.  190.]
 [ 929.  202.]]
DestCorners [[ 133. 1894.]
 [ 369. 1894.]
 [ 369. 2130.]
 [ 133. 2130.]
 [1276. 1894.]
 [1513. 1894.]
 [1513. 2130.]
 [1276. 2130.]
 [ 133.  144.]
 [ 369.  144.]
 [ 369.  380.]
 [ 133.  380.]
 [1276.  144.]
 [1513.  144.]
 [1513.  380.]
 [1276.  380.]]
[[ 8.98314165e-04 -5.15093398e-05  8.98322481e-01]
 [-9.03265639e-05  3.08542846e-04  4.39330407e-01]
 [ 1.25931926e-07 -3.32012329e-07  2.14502725e-03]]
[[ 2.96385049e+00 -6.89006759e-01 -1.10012208e+03]
 [ 9.13997413e-01  6.65569226e+00 -1.74595101e+03]
 [-3.25333531e-05  1.07063440e-03  1.00000000e+00]]
(1080, 1920, 3)
Corners [[ 601.  661.]
 [ 725.  635.]
 [ 754.  715.]
 [ 624.  745.]
 [1161.  542.]
 [1265.  520.]
 [1320.  590.]
 [1210.  613.]
 [ 479.  224.]
 [ 570.  211.]
 [ 586.  253.]
 [ 490.  266.]
 [ 904.  163.]
 [ 983.  152.]
 [1012.  190.]
 [ 929.  202.]]
DestCorners [[ 133. 1894.]
 [ 369. 1894.]
 [ 369. 2130.]
 [ 133. 2130.]
 [1276. 1894.]
 [1513. 1894.]
 [1513. 2130.]
 [1276. 2130.]
 [ 133.  144.]
 [ 369.  144.]
 [ 369.  380.]
 [ 133.  380.]
 [1276.  144.]
 [1513.  144.]
 [1513.  380.]
 [1276.  380.]]
[[ 8.96264521e-04 -5.21877731e-05  8.98459175e-01]
 [-9.03895642e-05  3.07812797e-04  4.39050804e-01]
 [ 1.25241992e-07 -3.32198978e-07  2.14306395e-03]]
[[ 2.97057607e+00 -6.88237179e-01 -1.10438617e+03]
 [ 9.17148926e-01  6.66837877e+00 -1.75066075e+03]
 [-3.14340050e-05  1.07389463e-03  1.00000000e+00]]
(1080, 1920, 3)
Corners [[ 601.  661.]
 [ 725.  635.]
 [ 754.  714.]
 [ 624.  746.]
 [1161.  542.]
 [1265.  520.]
 [1319.  589.]
 [1210.  613.]
 [ 479.  224.]
 [ 570.  211.]
 [ 586.  253.]
 [ 490.  266.]
 [ 904.  163.]
 [ 983.  152.]
 [1013.  189.]
 [ 929.  202.]]
DestCorners [[ 133. 1894.]
 [ 369. 1894.]
 [ 369. 2130.]
 [ 133. 2130.]
 [1276. 1894.]
 [1513. 1894.]
 [1513. 2130.]
 [1276. 2130.]
 [ 133.  144.]
 [ 369.  144.]
 [ 369.  380.]
 [ 133.  380.]
 [1276.  144.]
 [1513.  144.]
 [1513.  380.]
 [1276.  380.]]
[[ 8.97888098e-04 -5.15386701e-05  8.98370143e-01]
 [-9.08211125e-05  3.08623616e-04  4.39232943e-01]
 [ 1.25960450e-07 -3.31445334e-07  2.14369736e-03]]
[[ 2.96289418e+00 -6.87436151e-01 -1.10082284e+03]
 [ 9.17740936e-01  6.64996472e+00 -1.74714710e+03]
 [-3.21997179e-05  1.06856933e-03  1.00000000e+00]]
(1080, 1920, 3)
Corners [[ 601.  661.]
 [ 725.  635.]
 [ 754.  714.]
 [ 624.  746.]
 [1161.  542.]
 [1266.  521.]
 [1319.  589.]
 [1210.  613.]
 [ 479.  224.]
 [ 570.  211.]
 [ 586.  253.]
 [ 490.  266.]
 [ 904.  163.]
 [ 983.  152.]
 [1012.  190.]
 [ 929.  202.]]
DestCorners [[ 133. 1894.]
 [ 369. 1894.]
 [ 369. 2130.]
 [ 133. 2130.]
 [1276. 1894.]
 [1513. 1894.]
 [1513. 2130.]
 [1276. 2130.]
 [ 133.  144.]
 [ 369.  144.]
 [ 369.  380.]
 [ 133.  380.]
 [1276.  144.]
 [1513.  144.]
 [1513.  380.]
 [1276.  380.]]
[[ 8.97276909e-04 -5.19716342e-05  8.98428759e-01]
 [-9.02771410e-05  3.08089729e-04  4.39113038e-01]
 [ 1.25853067e-07 -3.32089306e-07  2.14354413e-03]]
[[ 2.96680366e+00 -6.87967503e-01 -1.10255078e+03]
 [ 9.15462079e-01  6.66157515e+00 -1.74834842e+03]
 [-3.23604438e-05  1.07243918e-03  1.00000000e+00]]
(1080, 1920, 3)
Corners [[ 601.  661.]
 [ 725.  635.]
 [ 754.  715.]
 [ 624.  745.]
 [1161.  542.]
 [1266.  521.]
 [1319.  589.]
 [1210.  613.]
 [ 479.  224.]
 [ 570.  211.]
 [ 586.  253.]
 [ 490.  266.]
 [ 904.  164.]
 [ 983.  152.]
 [1013.  190.]
 [ 930.  202.]]
DestCorners [[ 133. 1894.]
 [ 369. 1894.]
 [ 369. 2130.]
 [ 133. 2130.]
 [1276. 1894.]
 [1513. 1894.]
 [1513. 2130.]
 [1276. 2130.]
 [ 133.  144.]
 [ 369.  144.]
 [ 369.  380.]
 [ 133.  380.]
 [1276.  144.]
 [1513.  144.]
 [1513.  380.]
 [1276.  380.]]
[[ 8.99164708e-04 -5.15633423e-05  8.98371610e-01]
 [-8.98801500e-05  3.08552505e-04  4.39229939e-01]
 [ 1.26583879e-07 -3.31575980e-07  2.14415749e-03]]
[[ 2.95897549e+00 -6.86638983e-01 -1.09911106e+03]
 [ 9.10235053e-01  6.65028698e+00 -1.74368469e+03]
 [-3.39277780e-05  1.06894806e-03  1.00000000e+00]]
(1080, 1920, 3)
Corners [[ 601.  661.]
 [ 725.  635.]
 [ 754.  715.]
 [ 624.  746.]
 [1161.  542.]
 [1266.  521.]
 [1319.  589.]
 [1210.  613.]
 [ 478.  224.]
 [ 570.  211.]
 [ 585.  254.]
 [ 490.  266.]
 [ 904.  164.]
 [ 983.  152.]
 [1012.  190.]
 [ 929.  202.]]
DestCorners [[ 133. 1894.]
 [ 369. 1894.]
 [ 369. 2130.]
 [ 133. 2130.]
 [1276. 1894.]
 [1513. 1894.]
 [1513. 2130.]
 [1276. 2130.]
 [ 133.  144.]
 [ 369.  144.]
 [ 369.  380.]
 [ 133.  380.]
 [1276.  144.]
 [1513.  144.]
 [1513.  380.]
 [1276.  380.]]
[[ 9.00196691e-04 -5.11254584e-05  8.97957007e-01]
 [-9.01964946e-05  3.08779717e-04  4.40076917e-01]
 [ 1.26984267e-07 -3.31973684e-07  2.14598058e-03]]
[[ 2.95857270e+00 -6.89164258e-01 -1.09664820e+03]
 [ 9.12536019e-01  6.64997483e+00 -1.74555096e+03]
 [-3.39025733e-05  1.06950160e-03  1.00000000e+00]]
(1080, 1920, 3)
Corners [[ 601.  661.]
 [ 725.  635.]
 [ 754.  715.]
 [ 624.  746.]
 [1161.  542.]
 [1266.  521.]
 [1319.  589.]
 [1210.  613.]
 [ 478.  224.]
 [ 570.  211.]
 [ 585.  254.]
 [ 490.  266.]
 [ 904.  164.]
 [ 983.  152.]
 [1013.  190.]
 [ 929.  202.]]
DestCorners [[ 133. 1894.]
 [ 369. 1894.]
 [ 369. 2130.]
 [ 133. 2130.]
 [1276. 1894.]
 [1513. 1894.]
 [1513. 2130.]
 [1276. 2130.]
 [ 133.  144.]
 [ 369.  144.]
 [ 369.  380.]
 [ 133.  380.]
 [1276.  144.]
 [1513.  144.]
 [1513.  380.]
 [1276.  380.]]
[[ 9.00829405e-04 -5.07210875e-05  8.97917685e-01]
 [-9.03127186e-05  3.09209016e-04  4.40157138e-01]
 [ 1.26908259e-07 -3.31468932e-07  2.14636989e-03]]
[[ 2.95504446e+00 -6.89016406e-01 -1.09492366e+03]
 [ 9.11448927e-01  6.64160589e+00 -1.74329520e+03]
 [-3.39655355e-05  1.06641806e-03  1.00000000e+00]]
(1080, 1920, 3)
Corners [[ 601.  661.]
 [ 725.  635.]
 [ 754.  715.]
 [ 625.  746.]
 [1161.  542.]
 [1266.  521.]
 [1319.  589.]
 [1210.  613.]
 [ 478.  224.]
 [ 570.  211.]
 [ 585.  254.]
 [ 490.  266.]
 [ 904.  164.]
 [ 983.  152.]
 [1013.  190.]
 [ 929.  202.]]
DestCorners [[ 133. 1894.]
 [ 369. 1894.]
 [ 369. 2130.]
 [ 133. 2130.]
 [1276. 1894.]
 [1513. 1894.]
 [1513. 2130.]
 [1276. 2130.]
 [ 133.  144.]
 [ 369.  144.]
 [ 369.  380.]
 [ 133.  380.]
 [1276.  144.]
 [1513.  144.]
 [1513.  380.]
 [1276.  380.]]
[[ 9.00815833e-04 -5.02040202e-05  8.97900719e-01]
 [-9.04018851e-05  3.09502592e-04  4.40191747e-01]
 [ 1.26818618e-07 -3.31070546e-07  2.14651250e-03]]
[[ 2.95364662e+00 -6.90952402e-01 -1.09383468e+03]
 [ 9.11060899e-01  6.63494543e+00 -1.74175109e+03]
 [-3.39862791e-05  1.06417302e-03  1.00000000e+00]]
(1080, 1920, 3)
Corners [[ 601.  661.]
 [ 725.  635.]
 [ 754.  715.]
 [ 624.  746.]
 [1161.  542.]
 [1266.  521.]
 [1319.  589.]
 [1210.  613.]
 [ 478.  224.]
 [ 570.  211.]
 [ 585.  254.]
 [ 490.  266.]
 [ 904.  164.]
 [ 983.  152.]
 [1013.  190.]
 [ 930.  202.]]
DestCorners [[ 133. 1894.]
 [ 369. 1894.]
 [ 369. 2130.]
 [ 133. 2130.]
 [1276. 1894.]
 [1513. 1894.]
 [1513. 2130.]
 [1276. 2130.]
 [ 133.  144.]
 [ 369.  144.]
 [ 369.  380.]
 [ 133.  380.]
 [1276.  144.]
 [1513.  144.]
 [1513.  380.]
 [1276.  380.]]
[[ 9.01839306e-04 -5.05497579e-05  8.97930281e-01]
 [-9.01955320e-05  3.09520021e-04  4.40131438e-01]
 [ 1.27384768e-07 -3.31261965e-07  2.14669677e-03]]
[[ 2.95087222e+00 -6.88093037e-01 -1.09322666e+03]
 [ 9.09353760e-01  6.63415558e+00 -1.74055170e+03]
 [-3.47798081e-05  1.06456388e-03  1.00000000e+00]]
(1080, 1920, 3)
Corners [[ 601.  661.]
 [ 725.  635.]
 [ 754.  715.]
 [ 625.  746.]
 [1161.  542.]
 [1265.  521.]
 [1319.  590.]
 [1210.  613.]
 [ 478.  224.]
 [ 570.  211.]
 [ 585.  254.]
 [ 490.  266.]
 [ 904.  164.]
 [ 983.  152.]
 [1012.  190.]
 [ 929.  202.]]
DestCorners [[ 133. 1894.]
 [ 369. 1894.]
 [ 369. 2130.]
 [ 133. 2130.]
 [1276. 1894.]
 [1513. 1894.]
 [1513. 2130.]
 [1276. 2130.]
 [ 133.  144.]
 [ 369.  144.]
 [ 369.  380.]
 [ 133.  380.]
 [1276.  144.]
 [1513.  144.]
 [1513.  380.]
 [1276.  380.]]
[[ 8.99862207e-04 -5.03822557e-05  8.98025244e-01]
 [-9.02140210e-05  3.09411659e-04  4.39937654e-01]
 [ 1.26635384e-07 -3.31212787e-07  2.14614650e-03]]
[[ 2.95657885e+00 -6.91207524e-01 -1.09544906e+03]
 [ 9.10331987e-01  6.63610498e+00 -1.74124815e+03]
 [-3.39649585e-05  1.06492907e-03  1.00000000e+00]]
(1080, 1920, 3)
Corners [[ 601.  661.]
 [ 725.  635.]
 [ 754.  715.]
 [ 625.  746.]
 [1161.  542.]
 [1265.  521.]
 [1319.  590.]
 [1210.  613.]
 [ 478.  224.]
 [ 570.  211.]
 [ 585.  254.]
 [ 490.  266.]
 [ 904.  164.]
 [ 983.  152.]
 [1012.  190.]
 [ 929.  202.]]
DestCorners [[ 133. 1894.]
 [ 369. 1894.]
 [ 369. 2130.]
 [ 133. 2130.]
 [1276. 1894.]
 [1513. 1894.]
 [1513. 2130.]
 [1276. 2130.]
 [ 133.  144.]
 [ 369.  144.]
 [ 369.  380.]
 [ 133.  380.]
 [1276.  144.]
 [1513.  144.]
 [1513.  380.]
 [1276.  380.]]
[[ 8.99862207e-04 -5.03822557e-05  8.98025244e-01]
 [-9.02140210e-05  3.09411659e-04  4.39937654e-01]
 [ 1.26635384e-07 -3.31212787e-07  2.14614650e-03]]
[[ 2.95657885e+00 -6.91207524e-01 -1.09544906e+03]
 [ 9.10331987e-01  6.63610498e+00 -1.74124815e+03]
 [-3.39649585e-05  1.06492907e-03  1.00000000e+00]]
(1080, 1920, 3)
Corners [[ 601.  661.]
 [ 725.  635.]
 [ 754.  715.]
 [ 625.  746.]
 [1161.  542.]
 [1265.  521.]
 [1319.  590.]
 [1210.  613.]
 [ 478.  224.]
 [ 570.  211.]
 [ 585.  254.]
 [ 490.  266.]
 [ 904.  164.]
 [ 983.  152.]
 [1012.  190.]
 [ 929.  202.]]
DestCorners [[ 133. 1894.]
 [ 369. 1894.]
 [ 369. 2130.]
 [ 133. 2130.]
 [1276. 1894.]
 [1513. 1894.]
 [1513. 2130.]
 [1276. 2130.]
 [ 133.  144.]
 [ 369.  144.]
 [ 369.  380.]
 [ 133.  380.]
 [1276.  144.]
 [1513.  144.]
 [1513.  380.]
 [1276.  380.]]
[[ 8.99862207e-04 -5.03822557e-05  8.98025244e-01]
 [-9.02140210e-05  3.09411659e-04  4.39937654e-01]
 [ 1.26635384e-07 -3.31212787e-07  2.14614650e-03]]
[[ 2.95657885e+00 -6.91207524e-01 -1.09544906e+03]
 [ 9.10331987e-01  6.63610498e+00 -1.74124815e+03]
 [-3.39649585e-05  1.06492907e-03  1.00000000e+00]]
(1080, 1920, 3)
Corners [[ 601.  661.]
 [ 725.  635.]
 [ 754.  714.]
 [ 624.  746.]
 [1161.  542.]
 [1266.  521.]
 [1319.  589.]
 [1210.  613.]
 [ 478.  224.]
 [ 570.  211.]
 [ 585.  254.]
 [ 490.  266.]
 [ 904.  164.]
 [ 983.  152.]
 [1012.  190.]
 [ 929.  202.]]
DestCorners [[ 133. 1894.]
 [ 369. 1894.]
 [ 369. 2130.]
 [ 133. 2130.]
 [1276. 1894.]
 [1513. 1894.]
 [1513. 2130.]
 [1276. 2130.]
 [ 133.  144.]
 [ 369.  144.]
 [ 369.  380.]
 [ 133.  380.]
 [1276.  144.]
 [1513.  144.]
 [1513.  380.]
 [1276.  380.]]
[[ 8.99707881e-04 -5.09410384e-05  8.97950104e-01]
 [-9.02744705e-05  3.08731566e-04  4.40091002e-01]
 [ 1.26483913e-07 -3.31717333e-07  2.14592389e-03]]
[[ 2.95970118e+00 -6.90230710e-01 -1.09691664e+03]
 [ 9.12936842e-01  6.65201684e+00 -1.74622427e+03]
 [-3.33272224e-05  1.06895333e-03  1.00000000e+00]]
(1080, 1920, 3)
Corners [[ 601.  661.]
 [ 725.  635.]
 [ 754.  714.]
 [ 624.  746.]
 [1161.  542.]
 [1266.  521.]
 [1319.  589.]
 [1210.  613.]
 [ 478.  224.]
 [ 570.  211.]
 [ 585.  254.]
 [ 490.  266.]
 [ 904.  164.]
 [ 983.  152.]
 [1012.  190.]
 [ 929.  202.]]
DestCorners [[ 133. 1894.]
 [ 369. 1894.]
 [ 369. 2130.]
 [ 133. 2130.]
 [1276. 1894.]
 [1513. 1894.]
 [1513. 2130.]
 [1276. 2130.]
 [ 133.  144.]
 [ 369.  144.]
 [ 369.  380.]
 [ 133.  380.]
 [1276.  144.]
 [1513.  144.]
 [1513.  380.]
 [1276.  380.]]
[[ 8.99707881e-04 -5.09410384e-05  8.97950104e-01]
 [-9.02744705e-05  3.08731566e-04  4.40091002e-01]
 [ 1.26483913e-07 -3.31717333e-07  2.14592389e-03]]
[[ 2.95970118e+00 -6.90230710e-01 -1.09691664e+03]
 [ 9.12936842e-01  6.65201684e+00 -1.74622427e+03]
 [-3.33272224e-05  1.06895333e-03  1.00000000e+00]]
(1080, 1920, 3)
Corners [[ 601.  661.]
 [ 725.  635.]
 [ 754.  714.]
 [ 624.  746.]
 [1161.  542.]
 [1265.  521.]
 [1319.  590.]
 [1210.  613.]
 [ 478.  224.]
 [ 570.  211.]
 [ 586.  253.]
 [ 490.  266.]
 [ 904.  164.]
 [ 983.  152.]
 [1012.  190.]
 [ 929.  202.]]
DestCorners [[ 133. 1894.]
 [ 369. 1894.]
 [ 369. 2130.]
 [ 133. 2130.]
 [1276. 1894.]
 [1513. 1894.]
 [1513. 2130.]
 [1276. 2130.]
 [ 133.  144.]
 [ 369.  144.]
 [ 369.  380.]
 [ 133.  380.]
 [1276.  144.]
 [1513.  144.]
 [1513.  380.]
 [1276.  380.]]
[[ 8.99699578e-04 -5.13251975e-05  8.98345660e-01]
 [-8.96545649e-05  3.08870531e-04  4.39283002e-01]
 [ 1.27021071e-07 -3.31892083e-07  2.14552462e-03]]
[[ 2.95834597e+00 -6.88041842e-01 -1.09780710e+03]
 [ 9.08028302e-01  6.64577740e+00 -1.74087974e+03]
 [-3.46790965e-05  1.06877204e-03  1.00000000e+00]]
(1080, 1920, 3)
Corners [[ 601.  661.]
 [ 725.  635.]
 [ 754.  714.]
 [ 624.  746.]
 [1161.  542.]
 [1265.  521.]
 [1319.  590.]
 [1210.  613.]
 [ 478.  224.]
 [ 570.  211.]
 [ 586.  253.]
 [ 490.  266.]
 [ 904.  164.]
 [ 983.  152.]
 [1012.  190.]
 [ 929.  202.]]
DestCorners [[ 133. 1894.]
 [ 369. 1894.]
 [ 369. 2130.]
 [ 133. 2130.]
 [1276. 1894.]
 [1513. 1894.]
 [1513. 2130.]
 [1276. 2130.]
 [ 133.  144.]
 [ 369.  144.]
 [ 369.  380.]
 [ 133.  380.]
 [1276.  144.]
 [1513.  144.]
 [1513.  380.]
 [1276.  380.]]
[[ 8.99699578e-04 -5.13251975e-05  8.98345660e-01]
 [-8.96545649e-05  3.08870531e-04  4.39283002e-01]
 [ 1.27021071e-07 -3.31892083e-07  2.14552462e-03]]
[[ 2.95834597e+00 -6.88041842e-01 -1.09780710e+03]
 [ 9.08028302e-01  6.64577740e+00 -1.74087974e+03]
 [-3.46790965e-05  1.06877204e-03  1.00000000e+00]]
(1080, 1920, 3)
Corners [[ 601.  661.]
 [ 725.  635.]
 [ 754.  714.]
 [ 624.  746.]
 [1161.  542.]
 [1265.  521.]
 [1319.  590.]
 [1210.  613.]
 [ 478.  224.]
 [ 570.  211.]
 [ 586.  253.]
 [ 490.  266.]
 [ 904.  164.]
 [ 983.  152.]
 [1012.  190.]
 [ 929.  202.]]
DestCorners [[ 133. 1894.]
 [ 369. 1894.]
 [ 369. 2130.]
 [ 133. 2130.]
 [1276. 1894.]
 [1513. 1894.]
 [1513. 2130.]
 [1276. 2130.]
 [ 133.  144.]
 [ 369.  144.]
 [ 369.  380.]
 [ 133.  380.]
 [1276.  144.]
 [1513.  144.]
 [1513.  380.]
 [1276.  380.]]
[[ 8.99699578e-04 -5.13251975e-05  8.98345660e-01]
 [-8.96545649e-05  3.08870531e-04  4.39283002e-01]
 [ 1.27021071e-07 -3.31892083e-07  2.14552462e-03]]
[[ 2.95834597e+00 -6.88041842e-01 -1.09780710e+03]
 [ 9.08028302e-01  6.64577740e+00 -1.74087974e+03]
 [-3.46790965e-05  1.06877204e-03  1.00000000e+00]]
(1080, 1920, 3)
Corners [[ 601.  661.]
 [ 725.  635.]
 [ 754.  715.]
 [ 624.  746.]
 [1161.  542.]
 [1265.  521.]
 [1319.  590.]
 [1210.  613.]
 [ 478.  224.]
 [ 570.  211.]
 [ 586.  253.]
 [ 490.  266.]
 [ 904.  164.]
 [ 983.  152.]
 [1012.  190.]
 [ 929.  202.]]
DestCorners [[ 133. 1894.]
 [ 369. 1894.]
 [ 369. 2130.]
 [ 133. 2130.]
 [1276. 1894.]
 [1513. 1894.]
 [1513. 2130.]
 [1276. 2130.]
 [ 133.  144.]
 [ 369.  144.]
 [ 369.  380.]
 [ 133.  380.]
 [1276.  144.]
 [1513.  144.]
 [1513.  380.]
 [1276.  380.]]
[[ 9.00189396e-04 -5.15091084e-05  8.98352559e-01]
 [-8.95764577e-05  3.08919209e-04  4.39268892e-01]
 [ 1.27521785e-07 -3.32148076e-07  2.14558220e-03]]
[[ 2.95721135e+00 -6.86977765e-01 -1.09753444e+03]
 [ 9.07625634e-01  6.64372269e+00 -1.74020298e+03]
 [-3.52551080e-05  1.06931552e-03  1.00000000e+00]]
(1080, 1920, 3)
Corners [[ 601.  661.]
 [ 725.  635.]
 [ 754.  715.]
 [ 624.  746.]
 [1161.  542.]
 [1265.  521.]
 [1319.  590.]
 [1210.  613.]
 [ 478.  224.]
 [ 570.  211.]
 [ 585.  254.]
 [ 490.  266.]
 [ 904.  164.]
 [ 983.  152.]
 [1012.  190.]
 [ 929.  202.]]
DestCorners [[ 133. 1894.]
 [ 369. 1894.]
 [ 369. 2130.]
 [ 133. 2130.]
 [1276. 1894.]
 [1513. 1894.]
 [1513. 2130.]
 [1276. 2130.]
 [ 133.  144.]
 [ 369.  144.]
 [ 369.  380.]
 [ 133.  380.]
 [1276.  144.]
 [1513.  144.]
 [1513.  380.]
 [1276.  380.]]
[[ 8.99875500e-04 -5.08993501e-05  8.98042158e-01]
 [-9.01249728e-05  3.09117873e-04  4.39903126e-01]
 [ 1.26724930e-07 -3.31611227e-07  2.14600356e-03]]
[[ 2.95797957e+00 -6.89269835e-01 -1.09653986e+03]
 [ 9.10720672e-01  6.64277301e+00 -1.74279402e+03]
 [-3.39442401e-05  1.06717711e-03  1.00000000e+00]]
(1080, 1920, 3)
Corners [[ 601.  661.]
 [ 725.  635.]
 [ 754.  715.]
 [ 624.  746.]
 [1161.  542.]
 [1265.  521.]
 [1319.  590.]
 [1210.  613.]
 [ 479.  224.]
 [ 570.  211.]
 [ 585.  254.]
 [ 490.  266.]
 [ 904.  164.]
 [ 983.  152.]
 [1012.  190.]
 [ 930.  203.]]
DestCorners [[ 133. 1894.]
 [ 369. 1894.]
 [ 369. 2130.]
 [ 133. 2130.]
 [1276. 1894.]
 [1513. 1894.]
 [1513. 2130.]
 [1276. 2130.]
 [ 133.  144.]
 [ 369.  144.]
 [ 369.  380.]
 [ 133.  380.]
 [1276.  144.]
 [1513.  144.]
 [1513.  380.]
 [1276.  380.]]
[[ 8.99431977e-04 -5.14494095e-05  8.98155675e-01]
 [-8.97078351e-05  3.08606738e-04  4.39671321e-01]
 [ 1.27017014e-07 -3.31712945e-07  2.14449301e-03]]
[[ 2.95890759e+00 -6.87280845e-01 -1.09833976e+03]
 [ 9.09392587e-01  6.64850300e+00 -1.74397036e+03]
 [-3.45882784e-05  1.06910624e-03  1.00000000e+00]]
(1080, 1920, 3)
Corners [[ 601.  661.]
 [ 725.  635.]
 [ 754.  715.]
 [ 624.  746.]
 [1161.  542.]
 [1266.  521.]
 [1319.  589.]
 [1210.  613.]
 [ 479.  224.]
 [ 570.  211.]
 [ 585.  254.]
 [ 490.  266.]
 [ 904.  164.]
 [ 983.  152.]
 [1012.  190.]
 [ 929.  202.]]
DestCorners [[ 133. 1894.]
 [ 369. 1894.]
 [ 369. 2130.]
 [ 133. 2130.]
 [1276. 1894.]
 [1513. 1894.]
 [1513. 2130.]
 [1276. 2130.]
 [ 133.  144.]
 [ 369.  144.]
 [ 369.  380.]
 [ 133.  380.]
 [1276.  144.]
 [1513.  144.]
 [1513.  380.]
 [1276.  380.]]
[[ 8.98136677e-04 -5.18060183e-05  8.98094458e-01]
 [-9.02608137e-05  3.08047013e-04  4.39796356e-01]
 [ 1.26288716e-07 -3.32160619e-07  2.14401085e-03]]
[[ 2.96530169e+00 -6.88398084e-01 -1.10091144e+03]
 [ 9.15693202e-01  6.66267328e+00 -1.75027022e+03]
 [-3.28016284e-05  1.07276266e-03  1.00000000e+00]]
(1080, 1920, 3)
Corners [[ 601.  661.]
 [ 725.  635.]
 [ 754.  715.]
 [ 624.  746.]
 [1161.  542.]
 [1265.  521.]
 [1319.  590.]
 [1210.  613.]
 [ 479.  224.]
 [ 570.  211.]
 [ 585.  254.]
 [ 490.  266.]
 [ 904.  164.]
 [ 983.  152.]
 [1012.  190.]
 [ 929.  202.]]
DestCorners [[ 133. 1894.]
 [ 369. 1894.]
 [ 369. 2130.]
 [ 133. 2130.]
 [1276. 1894.]
 [1513. 1894.]
 [1513. 2130.]
 [1276. 2130.]
 [ 133.  144.]
 [ 369.  144.]
 [ 369.  380.]
 [ 133.  380.]
 [1276.  144.]
 [1513.  144.]
 [1513.  380.]
 [1276.  380.]]
[[-8.97816986e-04  5.15801965e-05 -8.98179381e-01]
 [ 9.01892939e-05 -3.08384715e-04 -4.39622896e-01]
 [-1.26030421e-07  3.31798853e-07 -2.14403421e-03]]
[[ 2.96469995e+00 -6.88503501e-01 -1.10079886e+03]
 [ 9.13870516e-01  6.65544562e+00 -1.74750288e+03]
 [-3.28452133e-05  1.07043150e-03  1.00000000e+00]]
(1080, 1920, 3)
Corners [[ 601.  661.]
 [ 725.  635.]
 [ 754.  715.]
 [ 624.  746.]
 [1161.  542.]
 [1265.  521.]
 [1319.  590.]
 [1210.  613.]
 [ 479.  224.]
 [ 570.  211.]
 [ 585.  254.]
 [ 490.  266.]
 [ 904.  164.]
 [ 983.  152.]
 [1012.  190.]
 [ 930.  203.]]
DestCorners [[ 133. 1894.]
 [ 369. 1894.]
 [ 369. 2130.]
 [ 133. 2130.]
 [1276. 1894.]
 [1513. 1894.]
 [1513. 2130.]
 [1276. 2130.]
 [ 133.  144.]
 [ 369.  144.]
 [ 369.  380.]
 [ 133.  380.]
 [1276.  144.]
 [1513.  144.]
 [1513.  380.]
 [1276.  380.]]
[[ 8.99431977e-04 -5.14494095e-05  8.98155675e-01]
 [-8.97078351e-05  3.08606738e-04  4.39671321e-01]
 [ 1.27017014e-07 -3.31712945e-07  2.14449301e-03]]
[[ 2.95890759e+00 -6.87280845e-01 -1.09833976e+03]
 [ 9.09392587e-01  6.64850300e+00 -1.74397036e+03]
 [-3.45882784e-05  1.06910624e-03  1.00000000e+00]]
(1080, 1920, 3)
Corners [[ 601.  661.]
 [ 725.  635.]
 [ 754.  715.]
 [ 624.  745.]
 [1161.  542.]
 [1265.  521.]
 [1319.  590.]
 [1210.  613.]
 [ 479.  224.]
 [ 570.  211.]
 [ 585.  254.]
 [ 490.  266.]
 [ 904.  164.]
 [ 983.  152.]
 [1012.  190.]
 [ 929.  202.]]
DestCorners [[ 133. 1894.]
 [ 369. 1894.]
 [ 369. 2130.]
 [ 133. 2130.]
 [1276. 1894.]
 [1513. 1894.]
 [1513. 2130.]
 [1276. 2130.]
 [ 133.  144.]
 [ 369.  144.]
 [ 369.  380.]
 [ 133.  380.]
 [1276.  144.]
 [1513.  144.]
 [1513.  380.]
 [1276.  380.]]
[[-8.96889762e-04  5.13033440e-05 -8.98172973e-01]
 [ 9.03581177e-05 -3.08348966e-04 -4.39635990e-01]
 [-1.25128579e-07  3.31388373e-07 -2.14388550e-03]]
[[ 2.96689093e+00 -6.90114987e-01 -1.10144957e+03]
 [ 9.14714026e-01  6.65800942e+00 -1.74854110e+03]
 [-3.17728598e-05  1.06943206e-03  1.00000000e+00]]
(1080, 1920, 3)
Corners [[ 601.  661.]
 [ 725.  635.]
 [ 754.  715.]
 [ 624.  745.]
 [1161.  542.]
 [1265.  521.]
 [1319.  590.]
 [1210.  613.]
 [ 479.  224.]
 [ 569.  211.]
 [ 586.  253.]
 [ 490.  266.]
 [ 904.  164.]
 [ 983.  152.]
 [1012.  190.]
 [ 929.  202.]]
DestCorners [[ 133. 1894.]
 [ 369. 1894.]
 [ 369. 2130.]
 [ 133. 2130.]
 [1276. 1894.]
 [1513. 1894.]
 [1513. 2130.]
 [1276. 2130.]
 [ 133.  144.]
 [ 369.  144.]
 [ 369.  380.]
 [ 133.  380.]
 [1276.  144.]
 [1513.  144.]
 [1513.  380.]
 [1276.  380.]]
[[-8.97957305e-04  5.13303826e-05 -8.98347576e-01]
 [ 8.99779291e-05 -3.08624016e-04 -4.39279091e-01]
 [-1.25827225e-07  3.31651916e-07 -2.14472594e-03]]
[[ 2.96353888e+00 -6.89322530e-01 -1.10013267e+03]
 [ 9.10971727e-01  6.65230093e+00 -1.74408574e+03]
 [-3.29964872e-05  1.06912674e-03  1.00000000e+00]]
(1080, 1920, 3)
Corners [[ 601.  661.]
 [ 725.  635.]
 [ 754.  715.]
 [ 624.  745.]
 [1161.  542.]
 [1265.  521.]
 [1319.  590.]
 [1210.  613.]
 [ 479.  224.]
 [ 571.  212.]
 [ 585.  254.]
 [ 490.  266.]
 [ 904.  164.]
 [ 983.  152.]
 [1012.  190.]
 [ 929.  202.]]
DestCorners [[ 133. 1894.]
 [ 369. 1894.]
 [ 369. 2130.]
 [ 133. 2130.]
 [1276. 1894.]
 [1513. 1894.]
 [1513. 2130.]
 [1276. 2130.]
 [ 133.  144.]
 [ 369.  144.]
 [ 369.  380.]
 [ 133.  380.]
 [1276.  144.]
 [1513.  144.]
 [1513.  380.]
 [1276.  380.]]
[[-8.94992871e-04  5.18061119e-05 -8.98094533e-01]
 [ 9.06085058e-05 -3.07554646e-04 -4.39796221e-01]
 [-1.24449413e-07  3.31380954e-07 -2.14179597e-03]]
[[ 2.97325570e+00 -6.89864473e-01 -1.10508417e+03]
 [ 9.19546774e-01  6.67168304e+00 -1.75554576e+03]
 [-3.04882948e-05  1.07233463e-03  1.00000000e+00]]
(1080, 1920, 3)
Corners [[ 601.  661.]
 [ 725.  635.]
 [ 754.  715.]
 [ 624.  745.]
 [1161.  542.]
 [1265.  521.]
 [1319.  590.]
 [1210.  613.]
 [ 479.  224.]
 [ 571.  212.]
 [ 585.  254.]
 [ 490.  266.]
 [ 904.  164.]
 [ 983.  152.]
 [1012.  190.]
 [ 929.  202.]]
DestCorners [[ 133. 1894.]
 [ 369. 1894.]
 [ 369. 2130.]
 [ 133. 2130.]
 [1276. 1894.]
 [1513. 1894.]
 [1513. 2130.]
 [1276. 2130.]
 [ 133.  144.]
 [ 369.  144.]
 [ 369.  380.]
 [ 133.  380.]
 [1276.  144.]
 [1513.  144.]
 [1513.  380.]
 [1276.  380.]]
[[-8.94992871e-04  5.18061119e-05 -8.98094533e-01]
 [ 9.06085058e-05 -3.07554646e-04 -4.39796221e-01]
 [-1.24449413e-07  3.31380954e-07 -2.14179597e-03]]
[[ 2.97325570e+00 -6.89864473e-01 -1.10508417e+03]
 [ 9.19546774e-01  6.67168304e+00 -1.75554576e+03]
 [-3.04882948e-05  1.07233463e-03  1.00000000e+00]]
(1080, 1920, 3)
Corners [[ 601.  661.]
 [ 725.  635.]
 [ 754.  715.]
 [ 624.  745.]
 [1161.  542.]
 [1265.  521.]
 [1319.  590.]
 [1210.  613.]
 [ 479.  224.]
 [ 569.  211.]
 [ 586.  253.]
 [ 490.  266.]
 [ 904.  164.]
 [ 983.  152.]
 [1012.  190.]
 [ 929.  202.]]
DestCorners [[ 133. 1894.]
 [ 369. 1894.]
 [ 369. 2130.]
 [ 133. 2130.]
 [1276. 1894.]
 [1513. 1894.]
 [1513. 2130.]
 [1276. 2130.]
 [ 133.  144.]
 [ 369.  144.]
 [ 369.  380.]
 [ 133.  380.]
 [1276.  144.]
 [1513.  144.]
 [1513.  380.]
 [1276.  380.]]
[[-8.97957305e-04  5.13303826e-05 -8.98347576e-01]
 [ 8.99779291e-05 -3.08624016e-04 -4.39279091e-01]
 [-1.25827225e-07  3.31651916e-07 -2.14472594e-03]]
[[ 2.96353888e+00 -6.89322530e-01 -1.10013267e+03]
 [ 9.10971727e-01  6.65230093e+00 -1.74408574e+03]
 [-3.29964872e-05  1.06912674e-03  1.00000000e+00]]
(1080, 1920, 3)
Corners [[ 601.  661.]
 [ 725.  635.]
 [ 754.  715.]
 [ 624.  746.]
 [1161.  542.]
 [1265.  521.]
 [1319.  590.]
 [1210.  613.]
 [ 479.  224.]
 [ 569.  211.]
 [ 586.  253.]
 [ 490.  266.]
 [ 904.  164.]
 [ 983.  152.]
 [1012.  190.]
 [ 929.  202.]]
DestCorners [[ 133. 1894.]
 [ 369. 1894.]
 [ 369. 2130.]
 [ 133. 2130.]
 [1276. 1894.]
 [1513. 1894.]
 [1513. 2130.]
 [1276. 2130.]
 [ 133.  144.]
 [ 369.  144.]
 [ 369.  380.]
 [ 133.  380.]
 [1276.  144.]
 [1513.  144.]
 [1513.  380.]
 [1276.  380.]]
[[ 8.98884977e-04 -5.16072658e-05  8.98354001e-01]
 [-8.98090130e-05  3.08659852e-04  4.39265950e-01]
 [ 1.26729399e-07 -3.32062511e-07  2.14487488e-03]]
[[ 2.96135068e+00 -6.87713774e-01 -1.09948233e+03]
 [ 9.10130116e-01  6.64973996e+00 -1.74304968e+03]
 [-3.40672721e-05  1.07012452e-03  1.00000000e+00]]
(1080, 1920, 3)
Corners [[ 601.  661.]
 [ 725.  635.]
 [ 754.  715.]
 [ 624.  746.]
 [1161.  542.]
 [1265.  521.]
 [1319.  590.]
 [1210.  613.]
 [ 479.  224.]
 [ 569.  211.]
 [ 586.  253.]
 [ 490.  266.]
 [ 904.  164.]
 [ 983.  152.]
 [1012.  190.]
 [ 929.  202.]]
DestCorners [[ 133. 1894.]
 [ 369. 1894.]
 [ 369. 2130.]
 [ 133. 2130.]
 [1276. 1894.]
 [1513. 1894.]
 [1513. 2130.]
 [1276. 2130.]
 [ 133.  144.]
 [ 369.  144.]
 [ 369.  380.]
 [ 133.  380.]
 [1276.  144.]
 [1513.  144.]
 [1513.  380.]
 [1276.  380.]]
[[ 8.98884977e-04 -5.16072658e-05  8.98354001e-01]
 [-8.98090130e-05  3.08659852e-04  4.39265950e-01]
 [ 1.26729399e-07 -3.32062511e-07  2.14487488e-03]]
[[ 2.96135068e+00 -6.87713774e-01 -1.09948233e+03]
 [ 9.10130116e-01  6.64973996e+00 -1.74304968e+03]
 [-3.40672721e-05  1.07012452e-03  1.00000000e+00]]
(1080, 1920, 3)
Corners [[ 601.  661.]
 [ 725.  635.]
 [ 754.  714.]
 [ 624.  745.]
 [1161.  542.]
 [1266.  521.]
 [1319.  589.]
 [1210.  613.]
 [ 479.  224.]
 [ 571.  212.]
 [ 585.  254.]
 [ 490.  265.]
 [ 904.  164.]
 [ 983.  152.]
 [1012.  190.]
 [ 930.  202.]]
DestCorners [[ 133. 1894.]
 [ 369. 1894.]
 [ 369. 2130.]
 [ 133. 2130.]
 [1276. 1894.]
 [1513. 1894.]
 [1513. 2130.]
 [1276. 2130.]
 [ 133.  144.]
 [ 369.  144.]
 [ 369.  380.]
 [ 133.  380.]
 [1276.  144.]
 [1513.  144.]
 [1513.  380.]
 [1276.  380.]]
[[ 8.96855528e-04 -5.19726149e-05  8.98252540e-01]
 [-9.00841252e-05  3.07578867e-04  4.39473405e-01]
 [ 1.25526003e-07 -3.31760142e-07  2.14267470e-03]]
[[ 2.96801109e+00 -6.88286644e-01 -1.10307917e+03]
 [ 9.15236236e-01  6.67073425e+00 -1.75188686e+03]
 [-3.21671776e-05  1.07318292e-03  1.00000000e+00]]
(1080, 1920, 3)
Corners [[ 602.  659.]
 [ 726.  634.]
 [ 755.  712.]
 [ 626.  744.]
 [1161.  541.]
 [1265.  519.]
 [1319.  587.]
 [1211.  612.]
 [ 480.  223.]
 [ 571.  211.]
 [ 587.  252.]
 [ 491.  265.]
 [ 904.  164.]
 [ 984.  152.]
 [1013.  189.]
 [ 931.  202.]]
DestCorners [[ 133. 1894.]
 [ 369. 1894.]
 [ 369. 2130.]
 [ 133. 2130.]
 [1276. 1894.]
 [1513. 1894.]
 [1513. 2130.]
 [1276. 2130.]
 [ 133.  144.]
 [ 369.  144.]
 [ 369.  380.]
 [ 133.  380.]
 [1276.  144.]
 [1513.  144.]
 [1513.  380.]
 [1276.  380.]]
[[ 8.99577963e-04 -5.16696426e-05  8.99379412e-01]
 [-8.85460456e-05  3.07639747e-04  4.37162639e-01]
 [ 1.28822072e-07 -3.31294370e-07  2.14153426e-03]]
[[ 2.95274399e+00 -6.88196543e-01 -1.09957773e+03]
 [ 9.03626099e-01  6.65250424e+00 -1.73750619e+03]
 [-3.78291135e-05  1.07053744e-03  1.00000000e+00]]
(1080, 1920, 3)
Corners [[ 602.  659.]
 [ 726.  633.]
 [ 755.  712.]
 [ 625.  743.]
 [1161.  540.]
 [1266.  519.]
 [1319.  587.]
 [1210.  611.]
 [ 480.  223.]
 [ 571.  210.]
 [ 587.  251.]
 [ 493.  265.]
 [ 905.  163.]
 [ 984.  151.]
 [1013.  189.]
 [ 931.  201.]]
DestCorners [[ 133. 1894.]
 [ 369. 1894.]
 [ 369. 2130.]
 [ 133. 2130.]
 [1276. 1894.]
 [1513. 1894.]
 [1513. 2130.]
 [1276. 2130.]
 [ 133.  144.]
 [ 369.  144.]
 [ 369.  380.]
 [ 133.  380.]
 [1276.  144.]
 [1513.  144.]
 [1513.  380.]
 [1276.  380.]]
[[ 8.95697314e-04 -5.24431009e-05  9.00017475e-01]
 [-8.95339869e-05  3.07220991e-04  4.35847521e-01]
 [ 1.26339811e-07 -3.30898452e-07  2.13911414e-03]]
[[ 2.96287109e+00 -6.86304223e-01 -1.10677204e+03]
 [ 9.11663894e-01  6.66326595e+00 -1.74122606e+03]
 [-3.39675196e-05  1.07127145e-03  1.00000000e+00]]
(1080, 1920, 3)
Corners [[ 602.  659.]
 [ 726.  633.]
 [ 755.  712.]
 [ 625.  743.]
 [1161.  540.]
 [1266.  519.]
 [1319.  587.]
 [1210.  611.]
 [ 481.  222.]
 [ 572.  211.]
 [ 587.  252.]
 [ 492.  265.]
 [ 905.  163.]
 [ 984.  151.]
 [1013.  189.]
 [ 931.  201.]]
DestCorners [[ 133. 1894.]
 [ 369. 1894.]
 [ 369. 2130.]
 [ 133. 2130.]
 [1276. 1894.]
 [1513. 1894.]
 [1513. 2130.]
 [1276. 2130.]
 [ 133.  144.]
 [ 369.  144.]
 [ 369.  380.]
 [ 133.  380.]
 [1276.  144.]
 [1513.  144.]
 [1513.  380.]
 [1276.  380.]]
[[ 8.94109420e-04 -5.31090964e-05  9.00020560e-01]
 [-8.95646432e-05  3.06430738e-04  4.35841164e-01]
 [ 1.25972541e-07 -3.31061418e-07  2.13710148e-03]]
[[ 2.96837598e+00 -6.85159020e-01 -1.11037262e+03]
 [ 9.14892384e-01  6.67626889e+00 -1.74685892e+03]
 [-3.32452042e-05  1.07461726e-03  1.00000000e+00]]
(1080, 1920, 3)
Corners [[ 602.  660.]
 [ 726.  634.]
 [ 755.  713.]
 [ 625.  744.]
 [1161.  541.]
 [1265.  519.]
 [1319.  587.]
 [1211.  612.]
 [ 480.  223.]
 [ 570.  210.]
 [ 587.  252.]
 [ 492.  265.]
 [ 905.  163.]
 [ 983.  151.]
 [1013.  189.]
 [ 932.  202.]]
DestCorners [[ 133. 1894.]
 [ 369. 1894.]
 [ 369. 2130.]
 [ 133. 2130.]
 [1276. 1894.]
 [1513. 1894.]
 [1513. 2130.]
 [1276. 2130.]
 [ 133.  144.]
 [ 369.  144.]
 [ 369.  380.]
 [ 133.  380.]
 [1276.  144.]
 [1513.  144.]
 [1513.  380.]
 [1276.  380.]]
[[ 9.00141845e-04 -5.18338766e-05  8.99624233e-01]
 [-8.91324706e-05  3.08493748e-04  4.36658602e-01]
 [ 1.28999576e-07 -3.31334332e-07  2.14197580e-03]]
[[ 2.94968969e+00 -6.84992101e-01 -1.09922090e+03]
 [ 9.05445822e-01  6.63582088e+00 -1.73304914e+03]
 [-3.75837953e-05  1.06772394e-03  1.00000000e+00]]
(1080, 1920, 3)
Corners [[ 601.  661.]
 [ 725.  634.]
 [ 755.  713.]
 [ 625.  745.]
 [1161.  541.]
 [1266.  520.]
 [1319.  588.]
 [1211.  613.]
 [ 480.  223.]
 [ 571.  211.]
 [ 586.  253.]
 [ 491.  265.]
 [ 904.  164.]
 [ 984.  151.]
 [1013.  189.]
 [ 930.  201.]]
DestCorners [[ 133. 1894.]
 [ 369. 1894.]
 [ 369. 2130.]
 [ 133. 2130.]
 [1276. 1894.]
 [1513. 1894.]
 [1513. 2130.]
 [1276. 2130.]
 [ 133.  144.]
 [ 369.  144.]
 [ 369.  380.]
 [ 133.  380.]
 [1276.  144.]
 [1513.  144.]
 [1513.  380.]
 [1276.  380.]]
[[ 8.96123686e-04 -5.24077178e-05  8.99121777e-01]
 [-9.03213875e-05  3.07649457e-04  4.37692288e-01]
 [ 1.25737022e-07 -3.31638019e-07  2.14092850e-03]]
[[ 2.96654658e+00 -6.86384896e-01 -1.10553025e+03]
 [ 9.16766866e-01  6.66332403e+00 -1.74726550e+03]
 [-3.22150369e-05  1.07248583e-03  1.00000000e+00]]
(1080, 1920, 3)
Corners [[ 601.  660.]
 [ 726.  635.]
 [ 754.  714.]
 [ 624.  745.]
 [1161.  542.]
 [1266.  520.]
 [1319.  589.]
 [1210.  613.]
 [ 480.  223.]
 [ 571.  211.]
 [ 586.  253.]
 [ 491.  265.]
 [ 904.  164.]
 [ 984.  152.]
 [1013.  190.]
 [ 930.  202.]]
DestCorners [[ 133. 1894.]
 [ 369. 1894.]
 [ 369. 2130.]
 [ 133. 2130.]
 [1276. 1894.]
 [1513. 1894.]
 [1513. 2130.]
 [1276. 2130.]
 [ 133.  144.]
 [ 369.  144.]
 [ 369.  380.]
 [ 133.  380.]
 [1276.  144.]
 [1513.  144.]
 [1513.  380.]
 [1276.  380.]]
[[ 8.97749797e-04 -5.30283330e-05  8.99218079e-01]
 [-8.87411811e-05  3.07506228e-04  4.37494399e-01]
 [ 1.27179593e-07 -3.32222560e-07  2.14129655e-03]]
[[ 2.96216808e+00 -6.82461006e-01 -1.10450012e+03]
 [ 9.05304792e-01  6.66273830e+00 -1.74145761e+03]
 [-3.54760299e-05  1.07425908e-03  1.00000000e+00]]
(1080, 1920, 3)
Corners [[ 601.  661.]
 [ 726.  635.]
 [ 754.  714.]
 [ 624.  745.]
 [1161.  542.]
 [1265.  520.]
 [1319.  589.]
 [1210.  613.]
 [ 480.  223.]
 [ 571.  211.]
 [ 586.  253.]
 [ 491.  265.]
 [ 904.  164.]
 [ 984.  152.]
 [1013.  190.]
 [ 930.  202.]]
DestCorners [[ 133. 1894.]
 [ 369. 1894.]
 [ 369. 2130.]
 [ 133. 2130.]
 [1276. 1894.]
 [1513. 1894.]
 [1513. 2130.]
 [1276. 2130.]
 [ 133.  144.]
 [ 369.  144.]
 [ 369.  380.]
 [ 133.  380.]
 [1276.  144.]
 [1513.  144.]
 [1513.  380.]
 [1276.  380.]]
[[-8.99024895e-04  5.29555492e-05 -8.99211709e-01]
 [ 8.85686313e-05 -3.07887085e-04 -4.37507488e-01]
 [-1.28297272e-07  3.32224897e-07 -2.14163361e-03]]
[[ 2.95740033e+00 -6.81086795e-01 -1.10259212e+03]
 [ 9.03364082e-01  6.65182817e+00 -1.73817787e+03]
 [-3.70308625e-05  1.07267858e-03  1.00000000e+00]]
(1080, 1920, 3)
Corners [[ 602.  660.]
 [ 725.  635.]
 [ 755.  714.]
 [ 624.  745.]
 [1161.  542.]
 [1265.  520.]
 [1319.  589.]
 [1210.  613.]
 [ 480.  223.]
 [ 571.  211.]
 [ 586.  253.]
 [ 491.  265.]
 [ 904.  164.]
 [ 984.  152.]
 [1013.  190.]
 [ 930.  202.]]
DestCorners [[ 133. 1894.]
 [ 369. 1894.]
 [ 369. 2130.]
 [ 133. 2130.]
 [1276. 1894.]
 [1513. 1894.]
 [1513. 2130.]
 [1276. 2130.]
 [ 133.  144.]
 [ 369.  144.]
 [ 369.  380.]
 [ 133.  380.]
 [1276.  144.]
 [1513.  144.]
 [1513.  380.]
 [1276.  380.]]
[[ 8.98227003e-04 -5.24261852e-05  8.99235542e-01]
 [-8.86790362e-05  3.07999708e-04  4.37458503e-01]
 [ 1.27583852e-07 -3.31710205e-07  2.14155914e-03]]
[[ 2.95843957e+00 -6.83855624e-01 -1.10254981e+03]
 [ 9.03382148e-01  6.65017639e+00 -1.73776647e+03]
 [-3.63231536e-05  1.07079949e-03  1.00000000e+00]]
(1080, 1920, 3)
Corners [[ 601.  661.]
 [ 725.  635.]
 [ 755.  714.]
 [ 624.  745.]
 [1161.  542.]
 [1265.  520.]
 [1319.  589.]
 [1210.  613.]
 [ 480.  223.]
 [ 571.  211.]
 [ 586.  253.]
 [ 491.  265.]
 [ 904.  164.]
 [ 984.  152.]
 [1013.  190.]
 [ 930.  202.]]
DestCorners [[ 133. 1894.]
 [ 369. 1894.]
 [ 369. 2130.]
 [ 133. 2130.]
 [1276. 1894.]
 [1513. 1894.]
 [1513. 2130.]
 [1276. 2130.]
 [ 133.  144.]
 [ 369.  144.]
 [ 369.  380.]
 [ 133.  380.]
 [1276.  144.]
 [1513.  144.]
 [1513.  380.]
 [1276.  380.]]
[[ 8.99142305e-04 -5.29482831e-05  8.99207855e-01]
 [-8.85462585e-05  3.07898538e-04  4.37515408e-01]
 [ 1.28370322e-07 -3.32262679e-07  2.14173274e-03]]
[[ 2.95714902e+00 -6.81123937e-01 -1.10242021e+03]
 [ 9.03181554e-01  6.65166198e+00 -1.73800986e+03]
 [-3.71272207e-05  1.07274611e-03  1.00000000e+00]]
(1080, 1920, 3)
Corners [[ 601.  661.]
 [ 725.  635.]
 [ 755.  714.]
 [ 624.  745.]
 [1161.  542.]
 [1265.  520.]
 [1319.  589.]
 [1210.  613.]
 [ 480.  223.]
 [ 571.  211.]
 [ 586.  253.]
 [ 491.  266.]
 [ 904.  164.]
 [ 984.  152.]
 [1013.  190.]
 [ 930.  202.]]
DestCorners [[ 133. 1894.]
 [ 369. 1894.]
 [ 369. 2130.]
 [ 133. 2130.]
 [1276. 1894.]
 [1513. 1894.]
 [1513. 2130.]
 [1276. 2130.]
 [ 133.  144.]
 [ 369.  144.]
 [ 369.  380.]
 [ 133.  380.]
 [1276.  144.]
 [1513.  144.]
 [1513.  380.]
 [1276.  380.]]
[[-8.98099072e-04  5.26542208e-05 -8.98971444e-01]
 [ 8.91066840e-05 -3.07795082e-04 -4.38000967e-01]
 [-1.27515948e-07  3.31781770e-07 -2.14109077e-03]]
[[ 2.95996924e+00 -6.82732744e-01 -1.10312479e+03]
 [ 9.07628107e-01  6.65447725e+00 -1.74238256e+03]
 [-3.56401307e-05  1.07183389e-03  1.00000000e+00]]
(1080, 1920, 3)
Corners [[ 601.  661.]
 [ 725.  635.]
 [ 755.  714.]
 [ 624.  745.]
 [1161.  542.]
 [1265.  520.]
 [1319.  589.]
 [1210.  613.]
 [ 480.  223.]
 [ 571.  211.]
 [ 586.  253.]
 [ 491.  265.]
 [ 904.  164.]
 [ 984.  152.]
 [1013.  190.]
 [ 930.  202.]]
DestCorners [[ 133. 1894.]
 [ 369. 1894.]
 [ 369. 2130.]
 [ 133. 2130.]
 [1276. 1894.]
 [1513. 1894.]
 [1513. 2130.]
 [1276. 2130.]
 [ 133.  144.]
 [ 369.  144.]
 [ 369.  380.]
 [ 133.  380.]
 [1276.  144.]
 [1513.  144.]
 [1513.  380.]
 [1276.  380.]]
[[ 8.99142305e-04 -5.29482831e-05  8.99207855e-01]
 [-8.85462585e-05  3.07898538e-04  4.37515408e-01]
 [ 1.28370322e-07 -3.32262679e-07  2.14173274e-03]]
[[ 2.95714902e+00 -6.81123937e-01 -1.10242021e+03]
 [ 9.03181554e-01  6.65166198e+00 -1.73800986e+03]
 [-3.71272207e-05  1.07274611e-03  1.00000000e+00]]
(1080, 1920, 3)
Corners [[ 601.  661.]
 [ 726.  635.]
 [ 754.  714.]
 [ 624.  745.]
 [1161.  542.]
 [1265.  520.]
 [1319.  589.]
 [1210.  613.]
 [ 480.  223.]
 [ 571.  211.]
 [ 586.  253.]
 [ 491.  265.]
 [ 904.  164.]
 [ 984.  152.]
 [1013.  190.]
 [ 930.  202.]]
DestCorners [[ 133. 1894.]
 [ 369. 1894.]
 [ 369. 2130.]
 [ 133. 2130.]
 [1276. 1894.]
 [1513. 1894.]
 [1513. 2130.]
 [1276. 2130.]
 [ 133.  144.]
 [ 369.  144.]
 [ 369.  380.]
 [ 133.  380.]
 [1276.  144.]
 [1513.  144.]
 [1513.  380.]
 [1276.  380.]]
[[-8.99024895e-04  5.29555492e-05 -8.99211709e-01]
 [ 8.85686313e-05 -3.07887085e-04 -4.37507488e-01]
 [-1.28297272e-07  3.32224897e-07 -2.14163361e-03]]
[[ 2.95740033e+00 -6.81086795e-01 -1.10259212e+03]
 [ 9.03364082e-01  6.65182817e+00 -1.73817787e+03]
 [-3.70308625e-05  1.07267858e-03  1.00000000e+00]]
(1080, 1920, 3)
Corners [[ 601.  661.]
 [ 726.  635.]
 [ 754.  714.]
 [ 624.  745.]
 [1161.  542.]
 [1265.  520.]
 [1319.  589.]
 [1210.  613.]
 [ 480.  223.]
 [ 571.  212.]
 [ 586.  253.]
 [ 491.  265.]
 [ 904.  164.]
 [ 984.  152.]
 [1013.  190.]
 [ 930.  202.]]
DestCorners [[ 133. 1894.]
 [ 369. 1894.]
 [ 369. 2130.]
 [ 133. 2130.]
 [1276. 1894.]
 [1513. 1894.]
 [1513. 2130.]
 [1276. 2130.]
 [ 133.  144.]
 [ 369.  144.]
 [ 369.  380.]
 [ 133.  380.]
 [1276.  144.]
 [1513.  144.]
 [1513.  380.]
 [1276.  380.]]
[[-8.97883881e-04  5.28755989e-05 -8.98998524e-01]
 [ 8.89866847e-05 -3.07567040e-04 -4.37945385e-01]
 [-1.27521091e-07  3.31945201e-07 -2.14080985e-03]]
[[ 2.96114872e+00 -6.82330910e-01 -1.10390214e+03]
 [ 9.07522516e-01  6.65879178e+00 -1.74328819e+03]
 [-3.56692322e-05  1.07312917e-03  1.00000000e+00]]
(1080, 1920, 3)
Corners [[ 601.  661.]
 [ 726.  635.]
 [ 754.  714.]
 [ 624.  745.]
 [1161.  542.]
 [1265.  520.]
 [1319.  589.]
 [1210.  613.]
 [ 480.  223.]
 [ 571.  212.]
 [ 586.  253.]
 [ 491.  265.]
 [ 904.  164.]
 [ 984.  152.]
 [1013.  190.]
 [ 930.  202.]]
DestCorners [[ 133. 1894.]
 [ 369. 1894.]
 [ 369. 2130.]
 [ 133. 2130.]
 [1276. 1894.]
 [1513. 1894.]
 [1513. 2130.]
 [1276. 2130.]
 [ 133.  144.]
 [ 369.  144.]
 [ 369.  380.]
 [ 133.  380.]
 [1276.  144.]
 [1513.  144.]
 [1513.  380.]
 [1276.  380.]]
[[-8.97883881e-04  5.28755989e-05 -8.98998524e-01]
 [ 8.89866847e-05 -3.07567040e-04 -4.37945385e-01]
 [-1.27521091e-07  3.31945201e-07 -2.14080985e-03]]
[[ 2.96114872e+00 -6.82330910e-01 -1.10390214e+03]
 [ 9.07522516e-01  6.65879178e+00 -1.74328819e+03]
 [-3.56692322e-05  1.07312917e-03  1.00000000e+00]]
(1080, 1920, 3)
Corners [[ 600.  660.]
 [ 725.  635.]
 [ 754.  714.]
 [ 624.  745.]
 [1161.  542.]
 [1265.  520.]
 [1319.  589.]
 [1210.  613.]
 [ 480.  223.]
 [ 571.  212.]
 [ 586.  253.]
 [ 491.  265.]
 [ 904.  164.]
 [ 984.  152.]
 [1013.  190.]
 [ 930.  202.]]
DestCorners [[ 133. 1894.]
 [ 369. 1894.]
 [ 369. 2130.]
 [ 133. 2130.]
 [1276. 1894.]
 [1513. 1894.]
 [1513. 2130.]
 [1276. 2130.]
 [ 133.  144.]
 [ 369.  144.]
 [ 369.  380.]
 [ 133.  380.]
 [1276.  144.]
 [1513.  144.]
 [1513.  380.]
 [1276.  380.]]
[[-8.96825284e-04  5.35791145e-05 -8.99032088e-01]
 [ 8.90117102e-05 -3.06966392e-04 -4.37876482e-01]
 [-1.26685158e-07  3.32313408e-07 -2.14040557e-03]]
[[ 2.96660832e+00 -6.80449764e-01 -1.10685708e+03]
 [ 9.09315797e-01  6.67468396e+00 -1.74742168e+03]
 [-3.44081468e-05  1.07656695e-03  1.00000000e+00]]
(1080, 1920, 3)
Corners [[ 600.  660.]
 [ 725.  635.]
 [ 754.  714.]
 [ 624.  745.]
 [1161.  542.]
 [1265.  520.]
 [1319.  589.]
 [1210.  613.]
 [ 480.  223.]
 [ 571.  212.]
 [ 586.  253.]
 [ 491.  265.]
 [ 904.  164.]
 [ 984.  152.]
 [1013.  190.]
 [ 930.  202.]]
DestCorners [[ 133. 1894.]
 [ 369. 1894.]
 [ 369. 2130.]
 [ 133. 2130.]
 [1276. 1894.]
 [1513. 1894.]
 [1513. 2130.]
 [1276. 2130.]
 [ 133.  144.]
 [ 369.  144.]
 [ 369.  380.]
 [ 133.  380.]
 [1276.  144.]
 [1513.  144.]
 [1513.  380.]
 [1276.  380.]]
[[-8.96825284e-04  5.35791145e-05 -8.99032088e-01]
 [ 8.90117102e-05 -3.06966392e-04 -4.37876482e-01]
 [-1.26685158e-07  3.32313408e-07 -2.14040557e-03]]
[[ 2.96660832e+00 -6.80449764e-01 -1.10685708e+03]
 [ 9.09315797e-01  6.67468396e+00 -1.74742168e+03]
 [-3.44081468e-05  1.07656695e-03  1.00000000e+00]]
(1080, 1920, 3)
Corners [[ 601.  661.]
 [ 726.  635.]
 [ 754.  714.]
 [ 624.  745.]
 [1161.  542.]
 [1265.  520.]
 [1319.  589.]
 [1210.  613.]
 [ 480.  223.]
 [ 571.  212.]
 [ 586.  253.]
 [ 491.  265.]
 [ 904.  164.]
 [ 984.  152.]
 [1013.  190.]
 [ 930.  202.]]
DestCorners [[ 133. 1894.]
 [ 369. 1894.]
 [ 369. 2130.]
 [ 133. 2130.]
 [1276. 1894.]
 [1513. 1894.]
 [1513. 2130.]
 [1276. 2130.]
 [ 133.  144.]
 [ 369.  144.]
 [ 369.  380.]
 [ 133.  380.]
 [1276.  144.]
 [1513.  144.]
 [1513.  380.]
 [1276.  380.]]
[[-8.97883881e-04  5.28755989e-05 -8.98998524e-01]
 [ 8.89866847e-05 -3.07567040e-04 -4.37945385e-01]
 [-1.27521091e-07  3.31945201e-07 -2.14080985e-03]]
[[ 2.96114872e+00 -6.82330910e-01 -1.10390214e+03]
 [ 9.07522516e-01  6.65879178e+00 -1.74328819e+03]
 [-3.56692322e-05  1.07312917e-03  1.00000000e+00]]
(1080, 1920, 3)
Corners [[ 600.  660.]
 [ 725.  635.]
 [ 754.  714.]
 [ 624.  745.]
 [1161.  542.]
 [1265.  520.]
 [1319.  589.]
 [1210.  613.]
 [ 479.  224.]
 [ 571.  212.]
 [ 586.  253.]
 [ 491.  265.]
 [ 904.  164.]
 [ 984.  152.]
 [1013.  190.]
 [ 930.  202.]]
DestCorners [[ 133. 1894.]
 [ 369. 1894.]
 [ 369. 2130.]
 [ 133. 2130.]
 [1276. 1894.]
 [1513. 1894.]
 [1513. 2130.]
 [1276. 2130.]
 [ 133.  144.]
 [ 369.  144.]
 [ 369.  380.]
 [ 133.  380.]
 [1276.  144.]
 [1513.  144.]
 [1513.  380.]
 [1276.  380.]]
[[-8.97445773e-04  5.27455292e-05 -8.98642570e-01]
 [ 8.95453671e-05 -3.07386289e-04 -4.38675318e-01]
 [-1.26349815e-07  3.31723330e-07 -2.14141387e-03]]
[[ 2.96437965e+00 -6.82861653e-01 -1.10411312e+03]
 [ 9.11635251e-01  6.66911379e+00 -1.74875574e+03]
 [-3.36871158e-05  1.07339365e-03  1.00000000e+00]]
(1080, 1920, 3)
Corners [[ 600.  660.]
 [ 725.  635.]
 [ 754.  714.]
 [ 624.  745.]
 [1161.  542.]
 [1265.  520.]
 [1319.  589.]
 [1210.  613.]
 [ 480.  223.]
 [ 571.  211.]
 [ 586.  253.]
 [ 491.  265.]
 [ 904.  164.]
 [ 984.  152.]
 [1013.  190.]
 [ 930.  202.]]
DestCorners [[ 133. 1894.]
 [ 369. 1894.]
 [ 369. 2130.]
 [ 133. 2130.]
 [1276. 1894.]
 [1513. 1894.]
 [1513. 2130.]
 [1276. 2130.]
 [ 133.  144.]
 [ 369.  144.]
 [ 369.  380.]
 [ 133.  380.]
 [1276.  144.]
 [1513.  144.]
 [1513.  380.]
 [1276.  380.]]
[[-8.97965480e-04  5.36592371e-05 -8.99245168e-01]
 [ 8.85938379e-05 -3.07286133e-04 -4.37438717e-01]
 [-1.27460753e-07  3.32593082e-07 -2.14122882e-03]]
[[ 2.96284234e+00 -6.79205899e-01 -1.10553837e+03]
 [ 9.05145450e-01  6.66767999e+00 -1.74229347e+03]
 [-3.57743448e-05  1.07610946e-03  1.00000000e+00]]
(1080, 1920, 3)
Corners [[ 600.  660.]
 [ 725.  635.]
 [ 754.  714.]
 [ 624.  745.]
 [1161.  542.]
 [1265.  520.]
 [1319.  589.]
 [1210.  613.]
 [ 480.  223.]
 [ 571.  211.]
 [ 586.  253.]
 [ 491.  265.]
 [ 904.  164.]
 [ 984.  152.]
 [1013.  190.]
 [ 930.  202.]]
DestCorners [[ 133. 1894.]
 [ 369. 1894.]
 [ 369. 2130.]
 [ 133. 2130.]
 [1276. 1894.]
 [1513. 1894.]
 [1513. 2130.]
 [1276. 2130.]
 [ 133.  144.]
 [ 369.  144.]
 [ 369.  380.]
 [ 133.  380.]
 [1276.  144.]
 [1513.  144.]
 [1513.  380.]
 [1276.  380.]]
[[-8.97965480e-04  5.36592371e-05 -8.99245168e-01]
 [ 8.85938379e-05 -3.07286133e-04 -4.37438717e-01]
 [-1.27460753e-07  3.32593082e-07 -2.14122882e-03]]
[[ 2.96284234e+00 -6.79205899e-01 -1.10553837e+03]
 [ 9.05145450e-01  6.66767999e+00 -1.74229347e+03]
 [-3.57743448e-05  1.07610946e-03  1.00000000e+00]]
(1080, 1920, 3)
Corners [[ 600.  660.]
 [ 724.  635.]
 [ 752.  714.]
 [ 622.  745.]
 [1160.  542.]
 [1265.  521.]
 [1319.  590.]
 [1209.  613.]
 [ 480.  223.]
 [ 571.  211.]
 [ 586.  253.]
 [ 491.  265.]
 [ 904.  164.]
 [ 984.  152.]
 [1013.  190.]
 [ 930.  202.]]
DestCorners [[ 133. 1894.]
 [ 369. 1894.]
 [ 369. 2130.]
 [ 133. 2130.]
 [1276. 1894.]
 [1513. 1894.]
 [1513. 2130.]
 [1276. 2130.]
 [ 133.  144.]
 [ 369.  144.]
 [ 369.  380.]
 [ 133.  380.]
 [1276.  144.]
 [1513.  144.]
 [1513.  380.]
 [1276.  380.]]
[[ 8.94226008e-04 -5.48704837e-05  8.99327427e-01]
 [-8.91237485e-05  3.06682661e-04  4.37269592e-01]
 [ 1.24456420e-07 -3.32457539e-07  2.13969773e-03]]
[[ 2.97594836e+00 -6.74140055e-01 -1.11304084e+03]
 [ 9.10027024e-01  6.68804063e+00 -1.74926060e+03]
 [-3.17010529e-05  1.07837218e-03  1.00000000e+00]]
(1080, 1920, 3)
Corners [[ 597.  660.]
 [ 721.  634.]
 [ 749.  714.]
 [ 619.  744.]
 [1158.  543.]
 [1263.  521.]
 [1317.  591.]
 [1207.  614.]
 [ 480.  223.]
 [ 571.  211.]
 [ 586.  253.]
 [ 491.  265.]
 [ 904.  164.]
 [ 984.  152.]
 [1013.  190.]
 [ 930.  202.]]
DestCorners [[ 133. 1894.]
 [ 369. 1894.]
 [ 369. 2130.]
 [ 133. 2130.]
 [1276. 1894.]
 [1513. 1894.]
 [1513. 2130.]
 [1276. 2130.]
 [ 133.  144.]
 [ 369.  144.]
 [ 369.  380.]
 [ 133.  380.]
 [1276.  144.]
 [1513.  144.]
 [1513.  380.]
 [1276.  380.]]
[[ 8.89745897e-04 -5.73501213e-05  8.99550709e-01]
 [-8.94875550e-05  3.05942237e-04  4.36810091e-01]
 [ 1.20858781e-07 -3.32076116e-07  2.13770656e-03]]
[[ 2.99188509e+00 -6.59436832e-01 -1.12424392e+03]
 [ 9.13926865e-01  6.71448763e+00 -1.75659254e+03]
 [-2.71797863e-05  1.08032582e-03  1.00000000e+00]]
(1080, 1920, 3)
Corners [[ 591.  659.]
 [ 716.  635.]
 [ 743.  714.]
 [ 612.  744.]
 [ 481.  222.]
 [ 571.  210.]
 [ 586.  252.]
 [ 491.  264.]
 [ 905.  164.]
 [ 984.  152.]
 [1014.  190.]
 [ 931.  203.]
 [1155.  544.]
 [1260.  524.]
 [1313.  593.]
 [1202.  616.]]
DestCorners [[ 133. 1894.]
 [ 369. 1894.]
 [ 369. 2130.]
 [ 133. 2130.]
 [ 133.  144.]
 [ 369.  144.]
 [ 369.  380.]
 [ 133.  380.]
 [1276.  144.]
 [1513.  144.]
 [1513.  380.]
 [1276.  380.]
 [1276. 1894.]
 [1513. 1894.]
 [1513. 2130.]
 [1276. 2130.]]
[[-8.87494999e-04  6.33330095e-05 -9.01027017e-01]
 [ 8.76039454e-05 -3.06070386e-04 -4.33756681e-01]
 [-1.18415587e-07  3.32703418e-07 -2.13625736e-03]]
[[ 2.99960259e+00 -6.18138801e-01 -1.13965727e+03]
 [ 8.96351289e-01  6.72418050e+00 -1.74337368e+03]
 [-2.66730412e-05  1.08149637e-03  1.00000000e+00]]
(1080, 1920, 3)
Corners [[ 585.  659.]
 [ 711.  635.]
 [ 736.  714.]
 [ 605.  744.]
 [ 480.  221.]
 [ 572.  210.]
 [ 585.  252.]
 [ 490.  263.]
 [ 906.  165.]
 [ 986.  153.]
 [1014.  191.]
 [ 931.  203.]
 [1151.  546.]
 [1256.  526.]
 [1308.  595.]
 [1198.  619.]]
DestCorners [[ 133. 1894.]
 [ 369. 1894.]
 [ 369. 2130.]
 [ 133. 2130.]
 [ 133.  144.]
 [ 369.  144.]
 [ 369.  380.]
 [ 133.  380.]
 [1276.  144.]
 [1513.  144.]
 [1513.  380.]
 [1276.  380.]
 [1276. 1894.]
 [1513. 1894.]
 [1513. 2130.]
 [1276. 2130.]]
[[ 8.91554565e-04 -6.79971918e-05  9.01819041e-01]
 [-8.48516329e-05  3.07595021e-04  4.32107556e-01]
 [ 1.18928968e-07 -3.32865077e-07  2.13916714e-03]]
[[ 2.98668938e+00 -5.76331837e-01 -1.14269517e+03]
 [ 8.67522001e-01  6.70445475e+00 -1.72001210e+03]
 [-3.10569746e-05  1.07528839e-03  1.00000000e+00]]
(1080, 1920, 3)
Corners [[ 581.  659.]
 [ 706.  635.]
 [ 731.  715.]
 [ 600.  744.]
 [1147.  548.]
 [1254.  528.]
 [1305.  598.]
 [1193.  620.]
 [ 480.  221.]
 [ 572.  209.]
 [ 584.  252.]
 [ 490.  263.]
 [ 906.  165.]
 [ 987.  154.]
 [1014.  192.]
 [ 931.  204.]]
DestCorners [[ 133. 1894.]
 [ 369. 1894.]
 [ 369. 2130.]
 [ 133. 2130.]
 [1276. 1894.]
 [1513. 1894.]
 [1513. 2130.]
 [1276. 2130.]
 [ 133.  144.]
 [ 369.  144.]
 [ 369.  380.]
 [ 133.  380.]
 [1276.  144.]
 [1513.  144.]
 [1513.  380.]
 [1276.  380.]]
[[ 8.88483436e-04 -7.13499127e-05  9.02275086e-01]
 [-8.39859616e-05  3.08110255e-04  4.31154494e-01]
 [ 1.15207644e-07 -3.32024595e-07  2.13864733e-03]]
[[ 2.99558413e+00 -5.48946908e-01 -1.15314008e+03]
 [ 8.56326336e-01  6.70829869e+00 -1.71367896e+03]
 [-2.84258919e-05  1.07103365e-03  1.00000000e+00]]
(1080, 1920, 3)
Corners [[ 577.  660.]
 [ 703.  635.]
 [ 727.  715.]
 [ 596.  745.]
 [1145.  549.]
 [1251.  529.]
 [1302.  599.]
 [1191.  622.]
 [ 480.  220.]
 [ 572.  210.]
 [ 585.  251.]
 [ 489.  262.]
 [ 906.  166.]
 [ 987.  155.]
 [1014.  193.]
 [ 931.  204.]]
DestCorners [[ 133. 1894.]
 [ 369. 1894.]
 [ 369. 2130.]
 [ 133. 2130.]
 [1276. 1894.]
 [1513. 1894.]
 [1513. 2130.]
 [1276. 2130.]
 [ 133.  144.]
 [ 369.  144.]
 [ 369.  380.]
 [ 133.  380.]
 [1276.  144.]
 [1513.  144.]
 [1513.  380.]
 [1276.  380.]]
[[-8.93103027e-04  7.61938945e-05 -9.03055984e-01]
 [ 8.05531045e-05 -3.07747530e-04 -4.29516480e-01]
 [-1.19405191e-07  3.34829206e-07 -2.13970054e-03]]
[[ 2.98572590e+00 -5.18536928e-01 -1.15602971e+03]
 [ 8.32287044e-01  6.71030500e+00 -1.69826958e+03]
 [-3.63776428e-05  1.07899318e-03  1.00000000e+00]]
(1080, 1920, 3)
Corners [[ 573.  659.]
 [ 698.  636.]
 [ 720.  717.]
 [ 589.  744.]
 [1141.  551.]
 [1248.  531.]
 [1298.  601.]
 [1187.  624.]
 [ 480.  220.]
 [ 571.  209.]
 [ 584.  251.]
 [ 489.  262.]
 [ 907.  166.]
 [ 987.  155.]
 [1015.  193.]
 [ 931.  205.]]
DestCorners [[ 133. 1894.]
 [ 369. 1894.]
 [ 369. 2130.]
 [ 133. 2130.]
 [1276. 1894.]
 [1513. 1894.]
 [1513. 2130.]
 [1276. 2130.]
 [ 133.  144.]
 [ 369.  144.]
 [ 369.  380.]
 [ 133.  380.]
 [1276.  144.]
 [1513.  144.]
 [1513.  380.]
 [1276.  380.]]
[[ 8.88825757e-04 -7.97784272e-05  9.03422135e-01]
 [-8.09592910e-05  3.08611962e-04  4.28745811e-01]
 [ 1.13798049e-07 -3.33495870e-07  2.13939885e-03]]
[[ 2.99887513e+00 -4.87634397e-01 -1.16863623e+03]
 [ 8.28822367e-01  6.71565830e+00 -1.69584403e+03]
 [-3.03156250e-05  1.07279485e-03  1.00000000e+00]]
(1080, 1920, 3)
Corners [[ 566.  659.]
 [ 692.  636.]
 [ 713.  717.]
 [ 582.  744.]
 [1137.  553.]
 [1245.  534.]
 [1294.  605.]
 [1181.  626.]
 [ 481.  219.]
 [ 571.  209.]
 [ 584.  250.]
 [ 489.  261.]
 [ 907.  167.]
 [ 989.  156.]
 [1015.  194.]
 [ 932.  206.]]
DestCorners [[ 133. 1894.]
 [ 369. 1894.]
 [ 369. 2130.]
 [ 133. 2130.]
 [1276. 1894.]
 [1513. 1894.]
 [1513. 2130.]
 [1276. 2130.]
 [ 133.  144.]
 [ 369.  144.]
 [ 369.  380.]
 [ 133.  380.]
 [1276.  144.]
 [1513.  144.]
 [1513.  380.]
 [1276.  380.]]
[[ 8.85162437e-04 -8.64860973e-05  9.04698014e-01]
 [-7.83685184e-05  3.07951123e-04  4.26046999e-01]
 [ 1.10320537e-07 -3.34124609e-07  2.13687322e-03]]
[[ 3.01120489e+00 -4.41941562e-01 -1.18675413e+03]
 [ 8.06839986e-01  6.74045417e+00 -1.68549855e+03]
 [-2.93010333e-05  1.07676345e-03  1.00000000e+00]]
(1080, 1920, 3)
Corners [[ 559.  658.]
 [ 685.  636.]
 [ 706.  717.]
 [ 575.  744.]
 [1133.  555.]
 [1240.  535.]
 [1289.  607.]
 [1176.  628.]
 [ 481.  218.]
 [ 572.  208.]
 [ 584.  250.]
 [ 488.  260.]
 [ 909.  167.]
 [ 990.  157.]
 [1015.  195.]
 [ 931.  206.]]
DestCorners [[ 133. 1894.]
 [ 369. 1894.]
 [ 369. 2130.]
 [ 133. 2130.]
 [1276. 1894.]
 [1513. 1894.]
 [1513. 2130.]
 [1276. 2130.]
 [ 133.  144.]
 [ 369.  144.]
 [ 369.  380.]
 [ 133.  380.]
 [1276.  144.]
 [1513.  144.]
 [1513.  380.]
 [1276.  380.]]
[[-8.86539699e-04  9.32070585e-05 -9.05935882e-01]
 [ 7.55027479e-05 -3.07971731e-04 -4.23408451e-01]
 [-1.10685329e-07  3.35418063e-07 -2.13686290e-03]]
[[ 3.00803411e+00 -3.93608244e-01 -1.19728272e+03]
 [ 7.82746657e-01  6.74509643e+00 -1.66835650e+03]
 [-3.29444027e-05  1.07914923e-03  1.00000000e+00]]
(1080, 1920, 3)
Corners [[ 481.  217.]
 [ 573.  207.]
 [ 584.  249.]
 [ 488.  259.]
 [ 909.  168.]
 [ 991.  158.]
 [1016.  196.]
 [ 932.  207.]
 [ 552.  657.]
 [ 679.  636.]
 [ 698.  717.]
 [ 565.  743.]
 [1127.  557.]
 [1235.  538.]
 [1283.  610.]
 [1169.  631.]]
DestCorners [[ 133.  144.]
 [ 369.  144.]
 [ 369.  380.]
 [ 133.  380.]
 [1276.  144.]
 [1513.  144.]
 [1513.  380.]
 [1276.  380.]
 [ 133. 1894.]
 [ 369. 1894.]
 [ 369. 2130.]
 [ 133. 2130.]
 [1276. 1894.]
 [1513. 1894.]
 [1513. 2130.]
 [1276. 2130.]]
[[-8.85042420e-04  1.00194780e-04 -9.07536827e-01]
 [ 7.20528250e-05 -3.08247690e-04 -4.19966016e-01]
 [-1.08726262e-07  3.35440270e-07 -2.13544811e-03]]
[[ 3.00881635e+00 -3.40610032e-01 -1.21172087e+03]
 [ 7.51248924e-01  6.74448990e+00 -1.64566992e+03]
 [-3.51862176e-05  1.07677954e-03  1.00000000e+00]]
(1080, 1920, 3)
Corners [[ 482.  216.]
 [ 574.  206.]
 [ 584.  248.]
 [ 488.  258.]
 [ 911.  168.]
 [ 993.  159.]
 [1017.  197.]
 [ 932.  207.]
 [ 545.  656.]
 [ 671.  635.]
 [ 688.  717.]
 [ 555.  741.]
 [1120.  559.]
 [1230.  541.]
 [1277.  613.]
 [1161.  633.]]
DestCorners [[ 133.  144.]
 [ 369.  144.]
 [ 369.  380.]
 [ 133.  380.]
 [1276.  144.]
 [1513.  144.]
 [1513.  380.]
 [1276.  380.]
 [ 133. 1894.]
 [ 369. 1894.]
 [ 369. 2130.]
 [ 133. 2130.]
 [1276. 1894.]
 [1513. 1894.]
 [1513. 2130.]
 [1276. 2130.]]
[[-8.78407594e-04  1.07727651e-04 -9.09222361e-01]
 [ 7.02871479e-05 -3.07931976e-04 -4.16304305e-01]
 [-1.02554130e-07  3.34012698e-07 -2.13090565e-03]]
[[ 3.02461324e+00 -2.81967790e-01 -1.23546603e+03]
 [ 7.32049916e-01  6.76469464e+00 -1.63393794e+03]
 [-3.08190815e-05  1.07391477e-03  1.00000000e+00]]
(1080, 1920, 3)
Corners [[ 484.  214.]
 [ 575.  205.]
 [ 585.  247.]
 [ 489.  256.]
 [ 913.  168.]
 [ 994.  159.]
 [1018.  198.]
 [ 934.  208.]
 [ 536.  654.]
 [ 662.  635.]
 [ 678.  716.]
 [ 544.  740.]
 [1115.  561.]
 [1225.  545.]
 [1269.  617.]
 [1153.  636.]]
DestCorners [[ 133.  144.]
 [ 369.  144.]
 [ 369.  380.]
 [ 133.  380.]
 [1276.  144.]
 [1513.  144.]
 [1513.  380.]
 [1276.  380.]
 [ 133. 1894.]
 [ 369. 1894.]
 [ 369. 2130.]
 [ 133. 2130.]
 [1276. 1894.]
 [1513. 1894.]
 [1513. 2130.]
 [1276. 2130.]]
[[-8.70931404e-04  1.17776008e-04 -9.11825942e-01]
 [ 6.69270650e-05 -3.06712781e-04 -4.10570420e-01]
 [-9.74024083e-08  3.34254053e-07 -2.12394795e-03]]
[[ 3.04222542e+00 -2.10734056e-01 -1.26531295e+03]
 [ 7.02583588e-01  6.79284013e+00 -1.61471621e+03]
 [-2.89454269e-05  1.07867998e-03  1.00000000e+00]]
(1080, 1920, 3)
Corners [[ 486.  212.]
 [ 577.  204.]
 [ 585.  245.]
 [ 489.  254.]
 [ 915.  169.]
 [ 996.  160.]
 [1019.  200.]
 [ 935.  209.]
 [ 525.  653.]
 [ 653.  634.]
 [ 667.  716.]
 [ 533.  739.]
 [1108.  564.]
 [1218.  548.]
 [1261.  620.]
 [1146.  640.]]
DestCorners [[ 133.  144.]
 [ 369.  144.]
 [ 369.  380.]
 [ 133.  380.]
 [1276.  144.]
 [1513.  144.]
 [1513.  380.]
 [1276.  380.]
 [ 133. 1894.]
 [ 369. 1894.]
 [ 369. 2130.]
 [ 133. 2130.]
 [1276. 1894.]
 [1513. 1894.]
 [1513. 2130.]
 [1276. 2130.]]
[[-8.70117863e-04  1.29211573e-04 -9.14500050e-01]
 [ 6.10617613e-05 -3.05583053e-04 -4.04579159e-01]
 [-9.75605460e-08  3.36314925e-07 -2.11945530e-03]]
[[ 3.03769500e+00 -1.30625648e-01 -1.28576615e+03]
 [ 6.54598617e-01  6.80206854e+00 -1.58088057e+03]
 [-3.59564179e-05  1.08536426e-03  1.00000000e+00]]
(1080, 1920, 3)
Corners [[ 518.  651.]
 [ 646.  634.]
 [ 658.  715.]
 [ 523.  737.]
 [1101.  566.]
 [1213.  551.]
 [1254.  625.]
 [1137.  642.]
 [ 486.  211.]
 [ 578.  203.]
 [ 584.  245.]
 [ 489.  253.]
 [ 916.  170.]
 [ 998.  161.]
 [1020.  201.]
 [ 935.  209.]]
DestCorners [[ 133. 1894.]
 [ 369. 1894.]
 [ 369. 2130.]
 [ 133. 2130.]
 [1276. 1894.]
 [1513. 1894.]
 [1513. 2130.]
 [1276. 2130.]
 [ 133.  144.]
 [ 369.  144.]
 [ 369.  380.]
 [ 133.  380.]
 [1276.  144.]
 [1513.  144.]
 [1513.  380.]
 [1276.  380.]]
[[-8.63889860e-04  1.34673045e-04 -9.15781679e-01]
 [ 5.94831084e-05 -3.06489813e-04 -4.01669728e-01]
 [-9.03625414e-08  3.33417472e-07 -2.11728829e-03]]
[[ 3.04892849e+00 -7.86560971e-02 -1.30381820e+03]
 [ 6.31862930e-01  6.80142273e+00 -1.56359160e+03]
 [-3.06215572e-05  1.07440284e-03  1.00000000e+00]]
(1080, 1920, 3)
Corners [[ 511.  649.]
 [ 639.  633.]
 [ 648.  714.]
 [ 514.  735.]
 [1095.  568.]
 [1207.  553.]
 [1247.  627.]
 [1130.  644.]
 [ 917.  170.]
 [1000.  162.]
 [1021.  201.]
 [ 936.  210.]
 [ 487.  209.]
 [ 579.  202.]
 [ 585.  243.]
 [ 489.  250.]]
DestCorners [[ 133. 1894.]
 [ 369. 1894.]
 [ 369. 2130.]
 [ 133. 2130.]
 [1276. 1894.]
 [1513. 1894.]
 [1513. 2130.]
 [1276. 2130.]
 [1276.  144.]
 [1513.  144.]
 [1513.  380.]
 [1276.  380.]
 [ 133.  144.]
 [ 369.  144.]
 [ 369.  380.]
 [ 133.  380.]]
[[-8.63072290e-04  1.42501749e-04 -9.18254227e-01]
 [ 5.51689907e-05 -3.06805339e-04 -3.95984645e-01]
 [-8.94025493e-08  3.33447160e-07 -2.11509705e-03]]
[[ 3.03955291e+00 -1.86205540e-02 -1.31611397e+03]
 [ 5.91942245e-01  6.78536406e+00 -1.52733102e+03]
 [-3.51578994e-05  1.07050653e-03  1.00000000e+00]]
(1080, 1920, 3)
Corners [[ 503.  647.]
 [ 631.  632.]
 [ 639.  713.]
 [ 504.  732.]
 [1089.  569.]
 [1201.  555.]
 [1239.  630.]
 [1122.  646.]
 [ 489.  207.]
 [ 579.  200.]
 [ 585.  242.]
 [ 490.  249.]
 [ 918.  170.]
 [1001.  162.]
 [1021.  202.]
 [ 936.  210.]]
DestCorners [[ 133. 1894.]
 [ 369. 1894.]
 [ 369. 2130.]
 [ 133. 2130.]
 [1276. 1894.]
 [1513. 1894.]
 [1513. 2130.]
 [1276. 2130.]
 [ 133.  144.]
 [ 369.  144.]
 [ 369.  380.]
 [ 133.  380.]
 [1276.  144.]
 [1513.  144.]
 [1513.  380.]
 [1276.  380.]]
[[-8.54927691e-04  1.50665063e-04 -9.20342762e-01]
 [ 5.28132693e-05 -3.05478481e-04 -3.91105995e-01]
 [-8.40776306e-08  3.33262226e-07 -2.10961527e-03]]
[[ 3.05990434e+00  4.39558314e-02 -1.34306586e+03]
 [ 5.69889815e-01  6.81735664e+00 -1.51250467e+03]
 [-3.19238166e-05  1.07520635e-03  1.00000000e+00]]
(1080, 1920, 3)
Corners [[ 489.  206.]
 [ 580.  198.]
 [ 584.  241.]
 [ 490.  248.]
 [ 919.  171.]
 [1002.  163.]
 [1022.  202.]
 [ 936.  210.]
 [ 495.  645.]
 [ 623.  630.]
 [ 629.  712.]
 [ 495.  731.]
 [1082.  571.]
 [1194.  557.]
 [1232.  632.]
 [1114.  648.]]
DestCorners [[ 133.  144.]
 [ 369.  144.]
 [ 369.  380.]
 [ 133.  380.]
 [1276.  144.]
 [1513.  144.]
 [1513.  380.]
 [1276.  380.]
 [ 133. 1894.]
 [ 369. 1894.]
 [ 369. 2130.]
 [ 133. 2130.]
 [1276. 1894.]
 [1513. 1894.]
 [1513. 2130.]
 [1276. 2130.]]
[[-8.52354211e-04  1.57645200e-04 -9.21861612e-01]
 [ 5.02962671e-05 -3.05715699e-04 -3.87512421e-01]
 [-8.08938470e-08  3.32537894e-07 -2.10832738e-03]]
[[ 3.06120814e+00  1.02172508e-01 -1.35728611e+03]
 [ 5.43791347e-01  6.81763376e+00 -1.49085864e+03]
 [-3.16846346e-05  1.07139756e-03  1.00000000e+00]]
(1080, 1920, 3)
Corners [[ 486.  643.]
 [ 614.  629.]
 [ 619.  710.]
 [ 484.  728.]
 [ 491.  204.]
 [ 581.  197.]
 [ 584.  240.]
 [ 490.  246.]
 [ 920.  171.]
 [1004.  164.]
 [1023.  203.]
 [ 936.  211.]
 [1075.  573.]
 [1188.  560.]
 [1224.  635.]
 [1105.  650.]]
DestCorners [[ 133. 1894.]
 [ 369. 1894.]
 [ 369. 2130.]
 [ 133. 2130.]
 [ 133.  144.]
 [ 369.  144.]
 [ 369.  380.]
 [ 133.  380.]
 [1276.  144.]
 [1513.  144.]
 [1513.  380.]
 [1276.  380.]
 [1276. 1894.]
 [1513. 1894.]
 [1513. 2130.]
 [1276. 2130.]]
[[-8.45390138e-04  1.66373323e-04 -9.23888194e-01]
 [ 4.71248812e-05 -3.04364698e-04 -3.82655646e-01]
 [-7.54355702e-08  3.32066085e-07 -2.10318830e-03]]
[[ 3.07537493e+00  1.72858790e-01 -1.38240019e+03]
 [ 5.13008112e-01  6.84789449e+00 -1.47126517e+03]
 [-2.93079167e-05  1.07499372e-03  1.00000000e+00]]
(1080, 1920, 3)
Corners [[ 477.  641.]
 [ 606.  628.]
 [ 609.  709.]
 [ 474.  727.]
 [1068.  575.]
 [1181.  562.]
 [1216.  638.]
 [1096.  652.]
 [ 492.  202.]
 [ 583.  197.]
 [ 585.  238.]
 [ 490.  244.]
 [ 922.  171.]
 [1006.  165.]
 [1023.  204.]
 [ 938.  212.]]
DestCorners [[ 133. 1894.]
 [ 369. 1894.]
 [ 369. 2130.]
 [ 133. 2130.]
 [1276. 1894.]
 [1513. 1894.]
 [1513. 2130.]
 [1276. 2130.]
 [ 133.  144.]
 [ 369.  144.]
 [ 369.  380.]
 [ 133.  380.]
 [1276.  144.]
 [1513.  144.]
 [1513.  380.]
 [1276.  380.]]
[[-8.44666213e-04  1.75217464e-04 -9.26083553e-01]
 [ 4.25481237e-05 -3.04201673e-04 -3.77311555e-01]
 [-7.55205939e-08  3.31950902e-07 -2.09865312e-03]]
[[ 3.06084937e+00  2.41715069e-01 -1.39413419e+03]
 [ 4.72110252e-01  6.82471319e+00 -1.43532849e+03]
 [-3.54702730e-05  1.07078927e-03  1.00000000e+00]]
(1080, 1920, 3)
Corners [[ 468.  639.]
 [ 597.  627.]
 [ 598.  708.]
 [ 463.  724.]
 [ 494.  200.]
 [ 584.  195.]
 [ 585.  237.]
 [ 491.  243.]
 [ 924.  172.]
 [1007.  166.]
 [1024.  205.]
 [ 937.  212.]
 [1061.  577.]
 [1175.  565.]
 [1208.  641.]
 [1088.  655.]]
DestCorners [[ 133. 1894.]
 [ 369. 1894.]
 [ 369. 2130.]
 [ 133. 2130.]
 [ 133.  144.]
 [ 369.  144.]
 [ 369.  380.]
 [ 133.  380.]
 [1276.  144.]
 [1513.  144.]
 [1513.  380.]
 [1276.  380.]
 [1276. 1894.]
 [1513. 1894.]
 [1513. 2130.]
 [1276. 2130.]]
[[-8.35303081e-04  1.85006220e-04 -9.28113201e-01]
 [ 3.94783511e-05 -3.01496451e-04 -3.72291135e-01]
 [-6.97476790e-08  3.32802366e-07 -2.09126239e-03]]
[[ 3.08504264e+00  3.19044618e-01 -1.42595510e+03]
 [ 4.43801761e-01  6.87872613e+00 -1.42152751e+03]
 [-3.22657451e-05  1.08403600e-03  1.00000000e+00]]
(1080, 1920, 3)
Corners [[ 460.  637.]
 [ 588.  625.]
 [ 588.  707.]
 [ 453.  722.]
 [1054.  579.]
 [1168.  567.]
 [1199.  644.]
 [1079.  657.]
 [ 495.  199.]
 [ 585.  194.]
 [ 585.  236.]
 [ 491.  241.]
 [ 925.  172.]
 [1009.  167.]
 [1025.  206.]
 [ 938.  213.]]
DestCorners [[ 133. 1894.]
 [ 369. 1894.]
 [ 369. 2130.]
 [ 133. 2130.]
 [1276. 1894.]
 [1513. 1894.]
 [1513. 2130.]
 [1276. 2130.]
 [ 133.  144.]
 [ 369.  144.]
 [ 369.  380.]
 [ 133.  380.]
 [1276.  144.]
 [1513.  144.]
 [1513.  380.]
 [1276.  380.]]
[[-8.31784666e-04  1.92273570e-04 -9.29786182e-01]
 [ 3.64443177e-05 -3.01624642e-04 -3.68093025e-01]
 [-6.62614367e-08  3.31165852e-07 -2.08776215e-03]]
[[ 3.08193316e+00  3.83418980e-01 -1.44014137e+03]
 [ 4.11996137e-01  6.86798051e+00 -1.39437531e+03]
 [-3.24626967e-05  1.07724652e-03  1.00000000e+00]]
(1080, 1920, 3)
Corners [[ 452.  635.]
 [ 580.  624.]
 [ 578.  706.]
 [ 443.  721.]
 [ 496.  197.]
 [ 586.  193.]
 [ 585.  235.]
 [ 492.  239.]
 [ 926.  173.]
 [1010.  168.]
 [1026.  208.]
 [ 939.  214.]
 [1046.  581.]
 [1162.  570.]
 [1191.  648.]
 [1070.  659.]]
DestCorners [[ 133. 1894.]
 [ 369. 1894.]
 [ 369. 2130.]
 [ 133. 2130.]
 [ 133.  144.]
 [ 369.  144.]
 [ 369.  380.]
 [ 133.  380.]
 [1276.  144.]
 [1513.  144.]
 [1513.  380.]
 [1276.  380.]
 [1276. 1894.]
 [1513. 1894.]
 [1513. 2130.]
 [1276. 2130.]]
[[-8.28321481e-04  2.00407422e-04 -9.31734083e-01]
 [ 3.19816132e-05 -3.01062024e-04 -3.63134189e-01]
 [-6.42054302e-08  3.31000530e-07 -2.08343042e-03]]
[[ 3.07630301e+00  4.49157858e-01 -1.45404469e+03]
 [ 3.70201495e-01  6.85660767e+00 -1.36063969e+03]
 [-3.59879885e-05  1.07548714e-03  1.00000000e+00]]
(1080, 1920, 3)
Corners [[ 446.  634.]
 [ 575.  623.]
 [ 569.  705.]
 [ 433.  719.]
 [ 497.  196.]
 [ 587.  192.]
 [ 585.  234.]
 [ 492.  238.]
 [ 927.  173.]
 [1011.  169.]
 [1026.  208.]
 [ 938.  214.]
 [1040.  582.]
 [1156.  573.]
 [1183.  651.]
 [1062.  661.]]
DestCorners [[ 133. 1894.]
 [ 369. 1894.]
 [ 369. 2130.]
 [ 133. 2130.]
 [ 133.  144.]
 [ 369.  144.]
 [ 369.  380.]
 [ 133.  380.]
 [1276.  144.]
 [1513.  144.]
 [1513.  380.]
 [1276.  380.]
 [1276. 1894.]
 [1513. 1894.]
 [1513. 2130.]
 [1276. 2130.]]
[[ 8.21613555e-04 -2.06783216e-04  9.33148474e-01]
 [-3.01430359e-05  3.00382331e-04  3.59484070e-01]
 [ 5.99248065e-08 -3.30245498e-07  2.07867472e-03]]
[[ 3.08903966e+00  5.05754787e-01 -1.47418131e+03]
 [ 3.50007552e-01  6.86695043e+00 -1.34468771e+03]
 [-3.34452427e-05  1.07639382e-03  1.00000000e+00]]
(1080, 1920, 3)
Corners [[ 497.  195.]
 [ 587.  191.]
 [ 585.  233.]
 [ 492.  237.]
 [ 928.  174.]
 [1012.  170.]
 [1026.  210.]
 [ 939.  215.]
 [ 438.  632.]
 [ 565.  622.]
 [ 560.  704.]
 [ 425.  717.]
 [1034.  584.]
 [1149.  575.]
 [1175.  654.]
 [1054.  663.]]
DestCorners [[ 133.  144.]
 [ 369.  144.]
 [ 369.  380.]
 [ 133.  380.]
 [1276.  144.]
 [1513.  144.]
 [1513.  380.]
 [1276.  380.]
 [ 133. 1894.]
 [ 369. 1894.]
 [ 369. 2130.]
 [ 133. 2130.]
 [1276. 1894.]
 [1513. 1894.]
 [1513. 2130.]
 [1276. 2130.]]
[[-8.20494992e-04  2.13246565e-04 -9.34363325e-01]
 [ 2.65972974e-05 -3.00540984e-04 -3.56314539e-01]
 [-5.78700658e-08  3.29407845e-07 -2.07774062e-03]]
[[ 3.07910210e+00  5.61531413e-01 -1.48097501e+03]
 [ 3.14967822e-01  6.85165269e+00 -1.31664070e+03]
 [-3.58249264e-05  1.07063043e-03  1.00000000e+00]]
(1080, 1920, 3)
Corners [[1027.  585.]
 [1143.  577.]
 [1168.  656.]
 [1046.  665.]
 [ 498.  194.]
 [ 588.  190.]
 [ 585.  232.]
 [ 492.  236.]
 [ 928.  175.]
 [1012.  170.]
 [1026.  210.]
 [ 939.  216.]
 [ 432.  630.]
 [ 559.  621.]
 [ 551.  703.]
 [ 417.  715.]]
DestCorners [[1276. 1894.]
 [1513. 1894.]
 [1513. 2130.]
 [1276. 2130.]
 [ 133.  144.]
 [ 369.  144.]
 [ 369.  380.]
 [ 133.  380.]
 [1276.  144.]
 [1513.  144.]
 [1513.  380.]
 [1276.  380.]
 [ 133. 1894.]
 [ 369. 1894.]
 [ 369. 2130.]
 [ 133. 2130.]]
[[ 8.12564826e-04 -2.19381284e-04  9.35566073e-01]
 [-2.50512934e-05  2.99037073e-04  3.53144489e-01]
 [ 5.32176343e-08 -3.28896307e-07  2.07241684e-03]]
[[ 3.09854548e+00  6.18739609e-01 -1.50423330e+03]
 [ 2.97738325e-01  6.88103113e+00 -1.30695336e+03]
 [-3.23160477e-05  1.07614359e-03  1.00000000e+00]]
(1080, 1920, 3)
Corners [[1021.  587.]
 [1137.  579.]
 [1160.  659.]
 [1038.  666.]
 [ 499.  193.]
 [ 589.  189.]
 [ 584.  232.]
 [ 492.  234.]
 [ 929.  175.]
 [1013.  171.]
 [1026.  210.]
 [ 939.  216.]
 [ 424.  629.]
 [ 552.  620.]
 [ 542.  703.]
 [ 409.  714.]]
DestCorners [[1276. 1894.]
 [1513. 1894.]
 [1513. 2130.]
 [1276. 2130.]
 [ 133.  144.]
 [ 369.  144.]
 [ 369.  380.]
 [ 133.  380.]
 [1276.  144.]
 [1513.  144.]
 [1513.  380.]
 [1276.  380.]
 [ 133. 1894.]
 [ 369. 1894.]
 [ 369. 2130.]
 [ 133. 2130.]]
[[-8.08986934e-04  2.25956678e-04 -9.36827363e-01]
 [ 2.30406339e-05 -2.98917001e-04 -3.49784812e-01]
 [-5.06300625e-08  3.28542046e-07 -2.06931915e-03]]
[[ 3.09987811e+00  6.75317162e-01 -1.51753598e+03]
 [ 2.76349445e-01  6.87458254e+00 -1.28714620e+03]
 [-3.19692145e-05  1.07494218e-03  1.00000000e+00]]
(1080, 1920, 3)
Corners [[ 419.  627.]
 [ 545.  619.]
 [ 535.  702.]
 [ 401.  713.]
 [1016.  588.]
 [1132.  581.]
 [1154.  661.]
 [1032.  668.]
 [ 499.  192.]
 [ 589.  189.]
 [ 585.  231.]
 [ 492.  233.]
 [ 930.  176.]
 [1014.  172.]
 [1027.  213.]
 [ 939.  217.]]
DestCorners [[ 133. 1894.]
 [ 369. 1894.]
 [ 369. 2130.]
 [ 133. 2130.]
 [1276. 1894.]
 [1513. 1894.]
 [1513. 2130.]
 [1276. 2130.]
 [ 133.  144.]
 [ 369.  144.]
 [ 369.  380.]
 [ 133.  380.]
 [1276.  144.]
 [1513.  144.]
 [1513.  380.]
 [1276.  380.]]
[[-8.09634806e-04  2.31522484e-04 -9.37823579e-01]
 [ 1.90317107e-05 -2.98461679e-04 -3.47104969e-01]
 [-5.07326310e-08  3.28505314e-07 -2.06801702e-03]]
[[ 3.08233708e+00  7.19580654e-01 -1.51858439e+03]
 [ 2.40127133e-01  6.85706064e+00 -1.25981394e+03]
 [-3.74717324e-05  1.07159397e-03  1.00000000e+00]]
(1080, 1920, 3)
--- 6.124515771865845 seconds ---
