[4;33mReloaded modules[24m: getCorners[0m
Corners [[ 601.  661.]
 [ 725.  635.]
 [ 754.  715.]
 [ 624.  745.]
 [1161.  542.]
 [1265.  520.]
 [1320.  590.]
 [1210.  613.]
 [ 478.  224.]
 [ 571.  212.]
 [ 586.  253.]
 [ 490.  266.]
 [ 904.  163.]
 [ 983.  152.]
 [1012.  190.]
 [ 929.  202.]]
DestCorners [[ 133. 1894.]
 [ 369. 1894.]
 [ 369. 2130.]
 [ 133. 2130.]
 [1276. 1894.]
 [1513. 1894.]
 [1513. 2130.]
 [1276. 2130.]
 [ 133.  144.]
 [ 369.  144.]
 [ 369.  380.]
 [ 133.  380.]
 [1276.  144.]
 [1513.  144.]
 [1513.  380.]
 [1276.  380.]]
[[ 8.96408972e-04 -5.20125456e-05  8.98243861e-01]
 [-9.05780673e-05  3.07746817e-04  4.39491143e-01]
 [ 1.25248246e-07 -3.32003385e-07  2.14293143e-03]]
[[ 2.97022178e+00 -6.88757849e-01 -1.10375926e+03]
 [ 9.18837325e-01  6.66937365e+00 -1.75295887e+03]
 [-3.12458927e-05  1.07353878e-03  1.00000000e+00]]
(1080, 1920, 3)
Corners [[ 601.  661.]
 [ 725.  635.]
 [ 754.  715.]
 [ 624.  745.]
 [1161.  542.]
 [1265.  520.]
 [1320.  590.]
 [1210.  613.]
 [ 478.  224.]
 [ 570.  211.]
 [ 586.  253.]
 [ 490.  266.]
 [ 904.  163.]
 [ 983.  152.]
 [1012.  190.]
 [ 929.  202.]]
DestCorners [[ 133. 1894.]
 [ 369. 1894.]
 [ 369. 2130.]
 [ 133. 2130.]
 [1276. 1894.]
 [1513. 1894.]
 [1513. 2130.]
 [1276. 2130.]
 [ 133.  144.]
 [ 369.  144.]
 [ 369.  380.]
 [ 133.  380.]
 [1276.  144.]
 [1513.  144.]
 [1513.  380.]
 [1276.  380.]]
[[ 8.98314165e-04 -5.15093398e-05  8.98322481e-01]
 [-9.03265639e-05  3.08542846e-04  4.39330407e-01]
 [ 1.25931926e-07 -3.32012329e-07  2.14502725e-03]]
[[ 2.96385049e+00 -6.89006759e-01 -1.10012208e+03]
 [ 9.13997413e-01  6.65569226e+00 -1.74595101e+03]
 [-3.25333531e-05  1.07063440e-03  1.00000000e+00]]
(1080, 1920, 3)
Corners [[ 601.  661.]
 [ 725.  635.]
 [ 754.  715.]
 [ 624.  745.]
 [1161.  542.]
 [1265.  520.]
 [1320.  590.]
 [1210.  613.]
 [ 479.  224.]
 [ 570.  211.]
 [ 586.  253.]
 [ 490.  266.]
 [ 904.  163.]
 [ 983.  152.]
 [1012.  190.]
 [ 929.  202.]]
DestCorners [[ 133. 1894.]
 [ 369. 1894.]
 [ 369. 2130.]
 [ 133. 2130.]
 [1276. 1894.]
 [1513. 1894.]
 [1513. 2130.]
 [1276. 2130.]
 [ 133.  144.]
 [ 369.  144.]
 [ 369.  380.]
 [ 133.  380.]
 [1276.  144.]
 [1513.  144.]
 [1513.  380.]
 [1276.  380.]]
[[ 8.96264521e-04 -5.21877731e-05  8.98459175e-01]
 [-9.03895642e-05  3.07812797e-04  4.39050804e-01]
 [ 1.25241992e-07 -3.32198978e-07  2.14306395e-03]]
[[ 2.97057607e+00 -6.88237179e-01 -1.10438617e+03]
 [ 9.17148926e-01  6.66837877e+00 -1.75066075e+03]
 [-3.14340050e-05  1.07389463e-03  1.00000000e+00]]
(1080, 1920, 3)
Corners [[ 601.  661.]
 [ 725.  635.]
 [ 754.  714.]
 [ 624.  746.]
 [1161.  542.]
 [1265.  520.]
 [1319.  589.]
 [1210.  613.]
 [ 479.  224.]
 [ 570.  211.]
 [ 586.  253.]
 [ 490.  266.]
 [ 904.  163.]
 [ 983.  152.]
 [1013.  189.]
 [ 929.  202.]]
DestCorners [[ 133. 1894.]
 [ 369. 1894.]
 [ 369. 2130.]
 [ 133. 2130.]
 [1276. 1894.]
 [1513. 1894.]
 [1513. 2130.]
 [1276. 2130.]
 [ 133.  144.]
 [ 369.  144.]
 [ 369.  380.]
 [ 133.  380.]
 [1276.  144.]
 [1513.  144.]
 [1513.  380.]
 [1276.  380.]]
[[ 8.97888098e-04 -5.15386701e-05  8.98370143e-01]
 [-9.08211125e-05  3.08623616e-04  4.39232943e-01]
 [ 1.25960450e-07 -3.31445334e-07  2.14369736e-03]]
[[ 2.96289418e+00 -6.87436151e-01 -1.10082284e+03]
 [ 9.17740936e-01  6.64996472e+00 -1.74714710e+03]
 [-3.21997179e-05  1.06856933e-03  1.00000000e+00]]
(1080, 1920, 3)
Corners [[ 601.  661.]
 [ 725.  635.]
 [ 754.  714.]
 [ 624.  746.]
 [1161.  542.]
 [1266.  521.]
 [1319.  589.]
 [1210.  613.]
 [ 479.  224.]
 [ 570.  211.]
 [ 586.  253.]
 [ 490.  266.]
 [ 904.  163.]
 [ 983.  152.]
 [1012.  190.]
 [ 929.  202.]]
DestCorners [[ 133. 1894.]
 [ 369. 1894.]
 [ 369. 2130.]
 [ 133. 2130.]
 [1276. 1894.]
 [1513. 1894.]
 [1513. 2130.]
 [1276. 2130.]
 [ 133.  144.]
 [ 369.  144.]
 [ 369.  380.]
 [ 133.  380.]
 [1276.  144.]
 [1513.  144.]
 [1513.  380.]
 [1276.  380.]]
[[ 8.97276909e-04 -5.19716342e-05  8.98428759e-01]
 [-9.02771410e-05  3.08089729e-04  4.39113038e-01]
 [ 1.25853067e-07 -3.32089306e-07  2.14354413e-03]]
[[ 2.96680366e+00 -6.87967503e-01 -1.10255078e+03]
 [ 9.15462079e-01  6.66157515e+00 -1.74834842e+03]
 [-3.23604438e-05  1.07243918e-03  1.00000000e+00]]
(1080, 1920, 3)
Corners [[ 601.  661.]
 [ 725.  635.]
 [ 754.  715.]
 [ 624.  745.]
 [1161.  542.]
 [1266.  521.]
 [1319.  589.]
 [1210.  613.]
 [ 479.  224.]
 [ 570.  211.]
 [ 586.  253.]
 [ 490.  266.]
 [ 904.  164.]
 [ 983.  152.]
 [1013.  190.]
 [ 930.  202.]]
DestCorners [[ 133. 1894.]
 [ 369. 1894.]
 [ 369. 2130.]
 [ 133. 2130.]
 [1276. 1894.]
 [1513. 1894.]
 [1513. 2130.]
 [1276. 2130.]
 [ 133.  144.]
 [ 369.  144.]
 [ 369.  380.]
 [ 133.  380.]
 [1276.  144.]
 [1513.  144.]
 [1513.  380.]
 [1276.  380.]]
[[ 8.99164708e-04 -5.15633423e-05  8.98371610e-01]
 [-8.98801500e-05  3.08552505e-04  4.39229939e-01]
 [ 1.26583879e-07 -3.31575980e-07  2.14415749e-03]]
[[ 2.95897549e+00 -6.86638983e-01 -1.09911106e+03]
 [ 9.10235053e-01  6.65028698e+00 -1.74368469e+03]
 [-3.39277780e-05  1.06894806e-03  1.00000000e+00]]
(1080, 1920, 3)
Corners [[ 601.  661.]
 [ 725.  635.]
 [ 754.  715.]
 [ 624.  746.]
 [1161.  542.]
 [1266.  521.]
 [1319.  589.]
 [1210.  613.]
 [ 478.  224.]
 [ 570.  211.]
 [ 585.  254.]
 [ 490.  266.]
 [ 904.  164.]
 [ 983.  152.]
 [1012.  190.]
 [ 929.  202.]]
DestCorners [[ 133. 1894.]
 [ 369. 1894.]
 [ 369. 2130.]
 [ 133. 2130.]
 [1276. 1894.]
 [1513. 1894.]
 [1513. 2130.]
 [1276. 2130.]
 [ 133.  144.]
 [ 369.  144.]
 [ 369.  380.]
 [ 133.  380.]
 [1276.  144.]
 [1513.  144.]
 [1513.  380.]
 [1276.  380.]]
[[ 9.00196691e-04 -5.11254584e-05  8.97957007e-01]
 [-9.01964946e-05  3.08779717e-04  4.40076917e-01]
 [ 1.26984267e-07 -3.31973684e-07  2.14598058e-03]]
[[ 2.95857270e+00 -6.89164258e-01 -1.09664820e+03]
 [ 9.12536019e-01  6.64997483e+00 -1.74555096e+03]
 [-3.39025733e-05  1.06950160e-03  1.00000000e+00]]
(1080, 1920, 3)
Corners [[ 601.  661.]
 [ 725.  635.]
 [ 754.  715.]
 [ 624.  746.]
 [1161.  542.]
 [1266.  521.]
 [1319.  589.]
 [1210.  613.]
 [ 478.  224.]
 [ 570.  211.]
 [ 585.  254.]
 [ 490.  266.]
 [ 904.  164.]
 [ 983.  152.]
 [1013.  190.]
 [ 929.  202.]]
DestCorners [[ 133. 1894.]
 [ 369. 1894.]
 [ 369. 2130.]
 [ 133. 2130.]
 [1276. 1894.]
 [1513. 1894.]
 [1513. 2130.]
 [1276. 2130.]
 [ 133.  144.]
 [ 369.  144.]
 [ 369.  380.]
 [ 133.  380.]
 [1276.  144.]
 [1513.  144.]
 [1513.  380.]
 [1276.  380.]]
[[ 9.00829405e-04 -5.07210875e-05  8.97917685e-01]
 [-9.03127186e-05  3.09209016e-04  4.40157138e-01]
 [ 1.26908259e-07 -3.31468932e-07  2.14636989e-03]]
[[ 2.95504446e+00 -6.89016406e-01 -1.09492366e+03]
 [ 9.11448927e-01  6.64160589e+00 -1.74329520e+03]
 [-3.39655355e-05  1.06641806e-03  1.00000000e+00]]
(1080, 1920, 3)
Corners [[ 601.  661.]
 [ 725.  635.]
 [ 754.  715.]
 [ 625.  746.]
 [1161.  542.]
 [1266.  521.]
 [1319.  589.]
 [1210.  613.]
 [ 478.  224.]
 [ 570.  211.]
 [ 585.  254.]
 [ 490.  266.]
 [ 904.  164.]
 [ 983.  152.]
 [1013.  190.]
 [ 929.  202.]]
DestCorners [[ 133. 1894.]
 [ 369. 1894.]
 [ 369. 2130.]
 [ 133. 2130.]
 [1276. 1894.]
 [1513. 1894.]
 [1513. 2130.]
 [1276. 2130.]
 [ 133.  144.]
 [ 369.  144.]
 [ 369.  380.]
 [ 133.  380.]
 [1276.  144.]
 [1513.  144.]
 [1513.  380.]
 [1276.  380.]]
[[ 9.00815833e-04 -5.02040202e-05  8.97900719e-01]
 [-9.04018851e-05  3.09502592e-04  4.40191747e-01]
 [ 1.26818618e-07 -3.31070546e-07  2.14651250e-03]]
[[ 2.95364662e+00 -6.90952402e-01 -1.09383468e+03]
 [ 9.11060899e-01  6.63494543e+00 -1.74175109e+03]
 [-3.39862791e-05  1.06417302e-03  1.00000000e+00]]
(1080, 1920, 3)
Corners [[ 601.  661.]
 [ 725.  635.]
 [ 754.  715.]
 [ 624.  746.]
 [1161.  542.]
 [1266.  521.]
 [1319.  589.]
 [1210.  613.]
 [ 478.  224.]
 [ 570.  211.]
 [ 585.  254.]
 [ 490.  266.]
 [ 904.  164.]
 [ 983.  152.]
 [1013.  190.]
 [ 930.  202.]]
DestCorners [[ 133. 1894.]
 [ 369. 1894.]
 [ 369. 2130.]
 [ 133. 2130.]
 [1276. 1894.]
 [1513. 1894.]
 [1513. 2130.]
 [1276. 2130.]
 [ 133.  144.]
 [ 369.  144.]
 [ 369.  380.]
 [ 133.  380.]
 [1276.  144.]
 [1513.  144.]
 [1513.  380.]
 [1276.  380.]]
[[ 9.01839306e-04 -5.05497579e-05  8.97930281e-01]
 [-9.01955320e-05  3.09520021e-04  4.40131438e-01]
 [ 1.27384768e-07 -3.31261965e-07  2.14669677e-03]]
[[ 2.95087222e+00 -6.88093037e-01 -1.09322666e+03]
 [ 9.09353760e-01  6.63415558e+00 -1.74055170e+03]
 [-3.47798081e-05  1.06456388e-03  1.00000000e+00]]
(1080, 1920, 3)
Corners [[ 601.  661.]
 [ 725.  635.]
 [ 754.  715.]
 [ 625.  746.]
 [1161.  542.]
 [1265.  521.]
 [1319.  590.]
 [1210.  613.]
 [ 478.  224.]
 [ 570.  211.]
 [ 585.  254.]
 [ 490.  266.]
 [ 904.  164.]
 [ 983.  152.]
 [1012.  190.]
 [ 929.  202.]]
DestCorners [[ 133. 1894.]
 [ 369. 1894.]
 [ 369. 2130.]
 [ 133. 2130.]
 [1276. 1894.]
 [1513. 1894.]
 [1513. 2130.]
 [1276. 2130.]
 [ 133.  144.]
 [ 369.  144.]
 [ 369.  380.]
 [ 133.  380.]
 [1276.  144.]
 [1513.  144.]
 [1513.  380.]
 [1276.  380.]]
[[ 8.99862207e-04 -5.03822557e-05  8.98025244e-01]
 [-9.02140210e-05  3.09411659e-04  4.39937654e-01]
 [ 1.26635384e-07 -3.31212787e-07  2.14614650e-03]]
[[ 2.95657885e+00 -6.91207524e-01 -1.09544906e+03]
 [ 9.10331987e-01  6.63610498e+00 -1.74124815e+03]
 [-3.39649585e-05  1.06492907e-03  1.00000000e+00]]
(1080, 1920, 3)
Corners [[ 601.  661.]
 [ 725.  635.]
 [ 754.  715.]
 [ 625.  746.]
 [1161.  542.]
 [1265.  521.]
 [1319.  590.]
 [1210.  613.]
 [ 478.  224.]
 [ 570.  211.]
 [ 585.  254.]
 [ 490.  266.]
 [ 904.  164.]
 [ 983.  152.]
 [1012.  190.]
 [ 929.  202.]]
DestCorners [[ 133. 1894.]
 [ 369. 1894.]
 [ 369. 2130.]
 [ 133. 2130.]
 [1276. 1894.]
 [1513. 1894.]
 [1513. 2130.]
 [1276. 2130.]
 [ 133.  144.]
 [ 369.  144.]
 [ 369.  380.]
 [ 133.  380.]
 [1276.  144.]
 [1513.  144.]
 [1513.  380.]
 [1276.  380.]]
[[ 8.99862207e-04 -5.03822557e-05  8.98025244e-01]
 [-9.02140210e-05  3.09411659e-04  4.39937654e-01]
 [ 1.26635384e-07 -3.31212787e-07  2.14614650e-03]]
[[ 2.95657885e+00 -6.91207524e-01 -1.09544906e+03]
 [ 9.10331987e-01  6.63610498e+00 -1.74124815e+03]
 [-3.39649585e-05  1.06492907e-03  1.00000000e+00]]
(1080, 1920, 3)
Corners [[ 601.  661.]
 [ 725.  635.]
 [ 754.  715.]
 [ 625.  746.]
 [1161.  542.]
 [1265.  521.]
 [1319.  590.]
 [1210.  613.]
 [ 478.  224.]
 [ 570.  211.]
 [ 585.  254.]
 [ 490.  266.]
 [ 904.  164.]
 [ 983.  152.]
 [1012.  190.]
 [ 929.  202.]]
DestCorners [[ 133. 1894.]
 [ 369. 1894.]
 [ 369. 2130.]
 [ 133. 2130.]
 [1276. 1894.]
 [1513. 1894.]
 [1513. 2130.]
 [1276. 2130.]
 [ 133.  144.]
 [ 369.  144.]
 [ 369.  380.]
 [ 133.  380.]
 [1276.  144.]
 [1513.  144.]
 [1513.  380.]
 [1276.  380.]]
[[ 8.99862207e-04 -5.03822557e-05  8.98025244e-01]
 [-9.02140210e-05  3.09411659e-04  4.39937654e-01]
 [ 1.26635384e-07 -3.31212787e-07  2.14614650e-03]]
[[ 2.95657885e+00 -6.91207524e-01 -1.09544906e+03]
 [ 9.10331987e-01  6.63610498e+00 -1.74124815e+03]
 [-3.39649585e-05  1.06492907e-03  1.00000000e+00]]
(1080, 1920, 3)
Corners [[ 601.  661.]
 [ 725.  635.]
 [ 754.  714.]
 [ 624.  746.]
 [1161.  542.]
 [1266.  521.]
 [1319.  589.]
 [1210.  613.]
 [ 478.  224.]
 [ 570.  211.]
 [ 585.  254.]
 [ 490.  266.]
 [ 904.  164.]
 [ 983.  152.]
 [1012.  190.]
 [ 929.  202.]]
DestCorners [[ 133. 1894.]
 [ 369. 1894.]
 [ 369. 2130.]
 [ 133. 2130.]
 [1276. 1894.]
 [1513. 1894.]
 [1513. 2130.]
 [1276. 2130.]
 [ 133.  144.]
 [ 369.  144.]
 [ 369.  380.]
 [ 133.  380.]
 [1276.  144.]
 [1513.  144.]
 [1513.  380.]
 [1276.  380.]]
[[ 8.99707881e-04 -5.09410384e-05  8.97950104e-01]
 [-9.02744705e-05  3.08731566e-04  4.40091002e-01]
 [ 1.26483913e-07 -3.31717333e-07  2.14592389e-03]]
[[ 2.95970118e+00 -6.90230710e-01 -1.09691664e+03]
 [ 9.12936842e-01  6.65201684e+00 -1.74622427e+03]
 [-3.33272224e-05  1.06895333e-03  1.00000000e+00]]
(1080, 1920, 3)
Corners [[ 601.  661.]
 [ 725.  635.]
 [ 754.  714.]
 [ 624.  746.]
 [1161.  542.]
 [1266.  521.]
 [1319.  589.]
 [1210.  613.]
 [ 478.  224.]
 [ 570.  211.]
 [ 585.  254.]
 [ 490.  266.]
 [ 904.  164.]
 [ 983.  152.]
 [1012.  190.]
 [ 929.  202.]]
DestCorners [[ 133. 1894.]
 [ 369. 1894.]
 [ 369. 2130.]
 [ 133. 2130.]
 [1276. 1894.]
 [1513. 1894.]
 [1513. 2130.]
 [1276. 2130.]
 [ 133.  144.]
 [ 369.  144.]
 [ 369.  380.]
 [ 133.  380.]
 [1276.  144.]
 [1513.  144.]
 [1513.  380.]
 [1276.  380.]]
[[ 8.99707881e-04 -5.09410384e-05  8.97950104e-01]
 [-9.02744705e-05  3.08731566e-04  4.40091002e-01]
 [ 1.26483913e-07 -3.31717333e-07  2.14592389e-03]]
[[ 2.95970118e+00 -6.90230710e-01 -1.09691664e+03]
 [ 9.12936842e-01  6.65201684e+00 -1.74622427e+03]
 [-3.33272224e-05  1.06895333e-03  1.00000000e+00]]
(1080, 1920, 3)
Corners [[ 601.  661.]
 [ 725.  635.]
 [ 754.  714.]
 [ 624.  746.]
 [1161.  542.]
 [1265.  521.]
 [1319.  590.]
 [1210.  613.]
 [ 478.  224.]
 [ 570.  211.]
 [ 586.  253.]
 [ 490.  266.]
 [ 904.  164.]
 [ 983.  152.]
 [1012.  190.]
 [ 929.  202.]]
DestCorners [[ 133. 1894.]
 [ 369. 1894.]
 [ 369. 2130.]
 [ 133. 2130.]
 [1276. 1894.]
 [1513. 1894.]
 [1513. 2130.]
 [1276. 2130.]
 [ 133.  144.]
 [ 369.  144.]
 [ 369.  380.]
 [ 133.  380.]
 [1276.  144.]
 [1513.  144.]
 [1513.  380.]
 [1276.  380.]]
[[ 8.99699578e-04 -5.13251975e-05  8.98345660e-01]
 [-8.96545649e-05  3.08870531e-04  4.39283002e-01]
 [ 1.27021071e-07 -3.31892083e-07  2.14552462e-03]]
[[ 2.95834597e+00 -6.88041842e-01 -1.09780710e+03]
 [ 9.08028302e-01  6.64577740e+00 -1.74087974e+03]
 [-3.46790965e-05  1.06877204e-03  1.00000000e+00]]
(1080, 1920, 3)
Corners [[ 601.  661.]
 [ 725.  635.]
 [ 754.  714.]
 [ 624.  746.]
 [1161.  542.]
 [1265.  521.]
 [1319.  590.]
 [1210.  613.]
 [ 478.  224.]
 [ 570.  211.]
 [ 586.  253.]
 [ 490.  266.]
 [ 904.  164.]
 [ 983.  152.]
 [1012.  190.]
 [ 929.  202.]]
DestCorners [[ 133. 1894.]
 [ 369. 1894.]
 [ 369. 2130.]
 [ 133. 2130.]
 [1276. 1894.]
 [1513. 1894.]
 [1513. 2130.]
 [1276. 2130.]
 [ 133.  144.]
 [ 369.  144.]
 [ 369.  380.]
 [ 133.  380.]
 [1276.  144.]
 [1513.  144.]
 [1513.  380.]
 [1276.  380.]]
[[ 8.99699578e-04 -5.13251975e-05  8.98345660e-01]
 [-8.96545649e-05  3.08870531e-04  4.39283002e-01]
 [ 1.27021071e-07 -3.31892083e-07  2.14552462e-03]]
[[ 2.95834597e+00 -6.88041842e-01 -1.09780710e+03]
 [ 9.08028302e-01  6.64577740e+00 -1.74087974e+03]
 [-3.46790965e-05  1.06877204e-03  1.00000000e+00]]
(1080, 1920, 3)
Corners [[ 601.  661.]
 [ 725.  635.]
 [ 754.  714.]
 [ 624.  746.]
 [1161.  542.]
 [1265.  521.]
 [1319.  590.]
 [1210.  613.]
 [ 478.  224.]
 [ 570.  211.]
 [ 586.  253.]
 [ 490.  266.]
 [ 904.  164.]
 [ 983.  152.]
 [1012.  190.]
 [ 929.  202.]]
DestCorners [[ 133. 1894.]
 [ 369. 1894.]
 [ 369. 2130.]
 [ 133. 2130.]
 [1276. 1894.]
 [1513. 1894.]
 [1513. 2130.]
 [1276. 2130.]
 [ 133.  144.]
 [ 369.  144.]
 [ 369.  380.]
 [ 133.  380.]
 [1276.  144.]
 [1513.  144.]
 [1513.  380.]
 [1276.  380.]]
[[ 8.99699578e-04 -5.13251975e-05  8.98345660e-01]
 [-8.96545649e-05  3.08870531e-04  4.39283002e-01]
 [ 1.27021071e-07 -3.31892083e-07  2.14552462e-03]]
[[ 2.95834597e+00 -6.88041842e-01 -1.09780710e+03]
 [ 9.08028302e-01  6.64577740e+00 -1.74087974e+03]
 [-3.46790965e-05  1.06877204e-03  1.00000000e+00]]
(1080, 1920, 3)
Corners [[ 601.  661.]
 [ 725.  635.]
 [ 754.  715.]
 [ 624.  746.]
 [1161.  542.]
 [1265.  521.]
 [1319.  590.]
 [1210.  613.]
 [ 478.  224.]
 [ 570.  211.]
 [ 586.  253.]
 [ 490.  266.]
 [ 904.  164.]
 [ 983.  152.]
 [1012.  190.]
 [ 929.  202.]]
DestCorners [[ 133. 1894.]
 [ 369. 1894.]
 [ 369. 2130.]
 [ 133. 2130.]
 [1276. 1894.]
 [1513. 1894.]
 [1513. 2130.]
 [1276. 2130.]
 [ 133.  144.]
 [ 369.  144.]
 [ 369.  380.]
 [ 133.  380.]
 [1276.  144.]
 [1513.  144.]
 [1513.  380.]
 [1276.  380.]]
[[ 9.00189396e-04 -5.15091084e-05  8.98352559e-01]
 [-8.95764577e-05  3.08919209e-04  4.39268892e-01]
 [ 1.27521785e-07 -3.32148076e-07  2.14558220e-03]]
[[ 2.95721135e+00 -6.86977765e-01 -1.09753444e+03]
 [ 9.07625634e-01  6.64372269e+00 -1.74020298e+03]
 [-3.52551080e-05  1.06931552e-03  1.00000000e+00]]
(1080, 1920, 3)
Corners [[ 601.  661.]
 [ 725.  635.]
 [ 754.  715.]
 [ 624.  746.]
 [1161.  542.]
 [1265.  521.]
 [1319.  590.]
 [1210.  613.]
 [ 478.  224.]
 [ 570.  211.]
 [ 585.  254.]
 [ 490.  266.]
 [ 904.  164.]
 [ 983.  152.]
 [1012.  190.]
 [ 929.  202.]]
DestCorners [[ 133. 1894.]
 [ 369. 1894.]
 [ 369. 2130.]
 [ 133. 2130.]
 [1276. 1894.]
 [1513. 1894.]
 [1513. 2130.]
 [1276. 2130.]
 [ 133.  144.]
 [ 369.  144.]
 [ 369.  380.]
 [ 133.  380.]
 [1276.  144.]
 [1513.  144.]
 [1513.  380.]
 [1276.  380.]]
[[ 8.99875500e-04 -5.08993501e-05  8.98042158e-01]
 [-9.01249728e-05  3.09117873e-04  4.39903126e-01]
 [ 1.26724930e-07 -3.31611227e-07  2.14600356e-03]]
[[ 2.95797957e+00 -6.89269835e-01 -1.09653986e+03]
 [ 9.10720672e-01  6.64277301e+00 -1.74279402e+03]
 [-3.39442401e-05  1.06717711e-03  1.00000000e+00]]
(1080, 1920, 3)
Corners [[ 601.  661.]
 [ 725.  635.]
 [ 754.  715.]
 [ 624.  746.]
 [1161.  542.]
 [1265.  521.]
 [1319.  590.]
 [1210.  613.]
 [ 479.  224.]
 [ 570.  211.]
 [ 585.  254.]
 [ 490.  266.]
 [ 904.  164.]
 [ 983.  152.]
 [1012.  190.]
 [ 930.  203.]]
DestCorners [[ 133. 1894.]
 [ 369. 1894.]
 [ 369. 2130.]
 [ 133. 2130.]
 [1276. 1894.]
 [1513. 1894.]
 [1513. 2130.]
 [1276. 2130.]
 [ 133.  144.]
 [ 369.  144.]
 [ 369.  380.]
 [ 133.  380.]
 [1276.  144.]
 [1513.  144.]
 [1513.  380.]
 [1276.  380.]]
[[ 8.99431977e-04 -5.14494095e-05  8.98155675e-01]
 [-8.97078351e-05  3.08606738e-04  4.39671321e-01]
 [ 1.27017014e-07 -3.31712945e-07  2.14449301e-03]]
[[ 2.95890759e+00 -6.87280845e-01 -1.09833976e+03]
 [ 9.09392587e-01  6.64850300e+00 -1.74397036e+03]
 [-3.45882784e-05  1.06910624e-03  1.00000000e+00]]
(1080, 1920, 3)
Corners [[ 601.  661.]
 [ 725.  635.]
 [ 754.  715.]
 [ 624.  746.]
 [1161.  542.]
 [1266.  521.]
 [1319.  589.]
 [1210.  613.]
 [ 479.  224.]
 [ 570.  211.]
 [ 585.  254.]
 [ 490.  266.]
 [ 904.  164.]
 [ 983.  152.]
 [1012.  190.]
 [ 929.  202.]]
DestCorners [[ 133. 1894.]
 [ 369. 1894.]
 [ 369. 2130.]
 [ 133. 2130.]
 [1276. 1894.]
 [1513. 1894.]
 [1513. 2130.]
 [1276. 2130.]
 [ 133.  144.]
 [ 369.  144.]
 [ 369.  380.]
 [ 133.  380.]
 [1276.  144.]
 [1513.  144.]
 [1513.  380.]
 [1276.  380.]]
[[ 8.98136677e-04 -5.18060183e-05  8.98094458e-01]
 [-9.02608137e-05  3.08047013e-04  4.39796356e-01]
 [ 1.26288716e-07 -3.32160619e-07  2.14401085e-03]]
[[ 2.96530169e+00 -6.88398084e-01 -1.10091144e+03]
 [ 9.15693202e-01  6.66267328e+00 -1.75027022e+03]
 [-3.28016284e-05  1.07276266e-03  1.00000000e+00]]
(1080, 1920, 3)
--- 1.977522611618042 seconds ---
[4;33mReloaded modules[24m: getCorners[0m
Corners [[ 601.  661.]
 [ 725.  635.]
 [ 754.  715.]
 [ 624.  745.]
 [1161.  542.]
 [1265.  520.]
 [1320.  590.]
 [1210.  613.]
 [ 478.  224.]
 [ 571.  212.]
 [ 586.  253.]
 [ 490.  266.]
 [ 904.  163.]
 [ 983.  152.]
 [1012.  190.]
 [ 929.  202.]]
DestCorners [[ 133. 1894.]
 [ 369. 1894.]
 [ 369. 2130.]
 [ 133. 2130.]
 [1276. 1894.]
 [1513. 1894.]
 [1513. 2130.]
 [1276. 2130.]
 [ 133.  144.]
 [ 369.  144.]
 [ 369.  380.]
 [ 133.  380.]
 [1276.  144.]
 [1513.  144.]
 [1513.  380.]
 [1276.  380.]]
H [[ 8.96408972e-04 -5.20125456e-05  8.98243861e-01]
 [-9.05780673e-05  3.07746817e-04  4.39491143e-01]
 [ 1.25248246e-07 -3.32003385e-07  2.14293143e-03]]
M [[ 2.97022178e+00 -6.88757849e-01 -1.10375926e+03]
 [ 9.18837325e-01  6.66937365e+00 -1.75295887e+03]
 [-3.12458927e-05  1.07353878e-03  1.00000000e+00]]
(1080, 1920, 3)
Corners [[ 601.  661.]
 [ 725.  635.]
 [ 754.  715.]
 [ 624.  745.]
 [1161.  542.]
 [1265.  520.]
 [1320.  590.]
 [1210.  613.]
 [ 478.  224.]
 [ 570.  211.]
 [ 586.  253.]
 [ 490.  266.]
 [ 904.  163.]
 [ 983.  152.]
 [1012.  190.]
 [ 929.  202.]]
DestCorners [[ 133. 1894.]
 [ 369. 1894.]
 [ 369. 2130.]
 [ 133. 2130.]
 [1276. 1894.]
 [1513. 1894.]
 [1513. 2130.]
 [1276. 2130.]
 [ 133.  144.]
 [ 369.  144.]
 [ 369.  380.]
 [ 133.  380.]
 [1276.  144.]
 [1513.  144.]
 [1513.  380.]
 [1276.  380.]]
H [[ 8.98314165e-04 -5.15093398e-05  8.98322481e-01]
 [-9.03265639e-05  3.08542846e-04  4.39330407e-01]
 [ 1.25931926e-07 -3.32012329e-07  2.14502725e-03]]
M [[ 2.96385049e+00 -6.89006759e-01 -1.10012208e+03]
 [ 9.13997413e-01  6.65569226e+00 -1.74595101e+03]
 [-3.25333531e-05  1.07063440e-03  1.00000000e+00]]
(1080, 1920, 3)
Corners [[ 601.  661.]
 [ 725.  635.]
 [ 754.  715.]
 [ 624.  745.]
 [1161.  542.]
 [1265.  520.]
 [1320.  590.]
 [1210.  613.]
 [ 479.  224.]
 [ 570.  211.]
 [ 586.  253.]
 [ 490.  266.]
 [ 904.  163.]
 [ 983.  152.]
 [1012.  190.]
 [ 929.  202.]]
DestCorners [[ 133. 1894.]
 [ 369. 1894.]
 [ 369. 2130.]
 [ 133. 2130.]
 [1276. 1894.]
 [1513. 1894.]
 [1513. 2130.]
 [1276. 2130.]
 [ 133.  144.]
 [ 369.  144.]
 [ 369.  380.]
 [ 133.  380.]
 [1276.  144.]
 [1513.  144.]
 [1513.  380.]
 [1276.  380.]]
H [[ 8.96264521e-04 -5.21877731e-05  8.98459175e-01]
 [-9.03895642e-05  3.07812797e-04  4.39050804e-01]
 [ 1.25241992e-07 -3.32198978e-07  2.14306395e-03]]
M [[ 2.97057607e+00 -6.88237179e-01 -1.10438617e+03]
 [ 9.17148926e-01  6.66837877e+00 -1.75066075e+03]
 [-3.14340050e-05  1.07389463e-03  1.00000000e+00]]
(1080, 1920, 3)
Corners [[ 601.  661.]
 [ 725.  635.]
 [ 754.  714.]
 [ 624.  746.]
 [1161.  542.]
 [1265.  520.]
 [1319.  589.]
 [1210.  613.]
 [ 479.  224.]
 [ 570.  211.]
 [ 586.  253.]
 [ 490.  266.]
 [ 904.  163.]
 [ 983.  152.]
 [1013.  189.]
 [ 929.  202.]]
DestCorners [[ 133. 1894.]
 [ 369. 1894.]
 [ 369. 2130.]
 [ 133. 2130.]
 [1276. 1894.]
 [1513. 1894.]
 [1513. 2130.]
 [1276. 2130.]
 [ 133.  144.]
 [ 369.  144.]
 [ 369.  380.]
 [ 133.  380.]
 [1276.  144.]
 [1513.  144.]
 [1513.  380.]
 [1276.  380.]]
H [[ 8.97888098e-04 -5.15386701e-05  8.98370143e-01]
 [-9.08211125e-05  3.08623616e-04  4.39232943e-01]
 [ 1.25960450e-07 -3.31445334e-07  2.14369736e-03]]
M [[ 2.96289418e+00 -6.87436151e-01 -1.10082284e+03]
 [ 9.17740936e-01  6.64996472e+00 -1.74714710e+03]
 [-3.21997179e-05  1.06856933e-03  1.00000000e+00]]
(1080, 1920, 3)
Corners [[ 601.  661.]
 [ 725.  635.]
 [ 754.  714.]
 [ 624.  746.]
 [1161.  542.]
 [1266.  521.]
 [1319.  589.]
 [1210.  613.]
 [ 479.  224.]
 [ 570.  211.]
 [ 586.  253.]
 [ 490.  266.]
 [ 904.  163.]
 [ 983.  152.]
 [1012.  190.]
 [ 929.  202.]]
DestCorners [[ 133. 1894.]
 [ 369. 1894.]
 [ 369. 2130.]
 [ 133. 2130.]
 [1276. 1894.]
 [1513. 1894.]
 [1513. 2130.]
 [1276. 2130.]
 [ 133.  144.]
 [ 369.  144.]
 [ 369.  380.]
 [ 133.  380.]
 [1276.  144.]
 [1513.  144.]
 [1513.  380.]
 [1276.  380.]]
H [[ 8.97276909e-04 -5.19716342e-05  8.98428759e-01]
 [-9.02771410e-05  3.08089729e-04  4.39113038e-01]
 [ 1.25853067e-07 -3.32089306e-07  2.14354413e-03]]
M [[ 2.96680366e+00 -6.87967503e-01 -1.10255078e+03]
 [ 9.15462079e-01  6.66157515e+00 -1.74834842e+03]
 [-3.23604438e-05  1.07243918e-03  1.00000000e+00]]
(1080, 1920, 3)
Corners [[ 601.  661.]
 [ 725.  635.]
 [ 754.  715.]
 [ 624.  745.]
 [1161.  542.]
 [1266.  521.]
 [1319.  589.]
 [1210.  613.]
 [ 479.  224.]
 [ 570.  211.]
 [ 586.  253.]
 [ 490.  266.]
 [ 904.  164.]
 [ 983.  152.]
 [1013.  190.]
 [ 930.  202.]]
DestCorners [[ 133. 1894.]
 [ 369. 1894.]
 [ 369. 2130.]
 [ 133. 2130.]
 [1276. 1894.]
 [1513. 1894.]
 [1513. 2130.]
 [1276. 2130.]
 [ 133.  144.]
 [ 369.  144.]
 [ 369.  380.]
 [ 133.  380.]
 [1276.  144.]
 [1513.  144.]
 [1513.  380.]
 [1276.  380.]]
H [[ 8.99164708e-04 -5.15633423e-05  8.98371610e-01]
 [-8.98801500e-05  3.08552505e-04  4.39229939e-01]
 [ 1.26583879e-07 -3.31575980e-07  2.14415749e-03]]
M [[ 2.95897549e+00 -6.86638983e-01 -1.09911106e+03]
 [ 9.10235053e-01  6.65028698e+00 -1.74368469e+03]
 [-3.39277780e-05  1.06894806e-03  1.00000000e+00]]
(1080, 1920, 3)
Corners [[ 601.  661.]
 [ 725.  635.]
 [ 754.  715.]
 [ 624.  746.]
 [1161.  542.]
 [1266.  521.]
 [1319.  589.]
 [1210.  613.]
 [ 478.  224.]
 [ 570.  211.]
 [ 585.  254.]
 [ 490.  266.]
 [ 904.  164.]
 [ 983.  152.]
 [1012.  190.]
 [ 929.  202.]]
DestCorners [[ 133. 1894.]
 [ 369. 1894.]
 [ 369. 2130.]
 [ 133. 2130.]
 [1276. 1894.]
 [1513. 1894.]
 [1513. 2130.]
 [1276. 2130.]
 [ 133.  144.]
 [ 369.  144.]
 [ 369.  380.]
 [ 133.  380.]
 [1276.  144.]
 [1513.  144.]
 [1513.  380.]
 [1276.  380.]]
H [[ 9.00196691e-04 -5.11254584e-05  8.97957007e-01]
 [-9.01964946e-05  3.08779717e-04  4.40076917e-01]
 [ 1.26984267e-07 -3.31973684e-07  2.14598058e-03]]
M [[ 2.95857270e+00 -6.89164258e-01 -1.09664820e+03]
 [ 9.12536019e-01  6.64997483e+00 -1.74555096e+03]
 [-3.39025733e-05  1.06950160e-03  1.00000000e+00]]
(1080, 1920, 3)
Corners [[ 601.  661.]
 [ 725.  635.]
 [ 754.  715.]
 [ 624.  746.]
 [1161.  542.]
 [1266.  521.]
 [1319.  589.]
 [1210.  613.]
 [ 478.  224.]
 [ 570.  211.]
 [ 585.  254.]
 [ 490.  266.]
 [ 904.  164.]
 [ 983.  152.]
 [1013.  190.]
 [ 929.  202.]]
DestCorners [[ 133. 1894.]
 [ 369. 1894.]
 [ 369. 2130.]
 [ 133. 2130.]
 [1276. 1894.]
 [1513. 1894.]
 [1513. 2130.]
 [1276. 2130.]
 [ 133.  144.]
 [ 369.  144.]
 [ 369.  380.]
 [ 133.  380.]
 [1276.  144.]
 [1513.  144.]
 [1513.  380.]
 [1276.  380.]]
H [[ 9.00829405e-04 -5.07210875e-05  8.97917685e-01]
 [-9.03127186e-05  3.09209016e-04  4.40157138e-01]
 [ 1.26908259e-07 -3.31468932e-07  2.14636989e-03]]
M [[ 2.95504446e+00 -6.89016406e-01 -1.09492366e+03]
 [ 9.11448927e-01  6.64160589e+00 -1.74329520e+03]
 [-3.39655355e-05  1.06641806e-03  1.00000000e+00]]
(1080, 1920, 3)
Corners [[ 601.  661.]
 [ 725.  635.]
 [ 754.  715.]
 [ 625.  746.]
 [1161.  542.]
 [1266.  521.]
 [1319.  589.]
 [1210.  613.]
 [ 478.  224.]
 [ 570.  211.]
 [ 585.  254.]
 [ 490.  266.]
 [ 904.  164.]
 [ 983.  152.]
 [1013.  190.]
 [ 929.  202.]]
DestCorners [[ 133. 1894.]
 [ 369. 1894.]
 [ 369. 2130.]
 [ 133. 2130.]
 [1276. 1894.]
 [1513. 1894.]
 [1513. 2130.]
 [1276. 2130.]
 [ 133.  144.]
 [ 369.  144.]
 [ 369.  380.]
 [ 133.  380.]
 [1276.  144.]
 [1513.  144.]
 [1513.  380.]
 [1276.  380.]]
H [[ 9.00815833e-04 -5.02040202e-05  8.97900719e-01]
 [-9.04018851e-05  3.09502592e-04  4.40191747e-01]
 [ 1.26818618e-07 -3.31070546e-07  2.14651250e-03]]
M [[ 2.95364662e+00 -6.90952402e-01 -1.09383468e+03]
 [ 9.11060899e-01  6.63494543e+00 -1.74175109e+03]
 [-3.39862791e-05  1.06417302e-03  1.00000000e+00]]
(1080, 1920, 3)
Corners [[ 601.  661.]
 [ 725.  635.]
 [ 754.  715.]
 [ 624.  746.]
 [1161.  542.]
 [1266.  521.]
 [1319.  589.]
 [1210.  613.]
 [ 478.  224.]
 [ 570.  211.]
 [ 585.  254.]
 [ 490.  266.]
 [ 904.  164.]
 [ 983.  152.]
 [1013.  190.]
 [ 930.  202.]]
DestCorners [[ 133. 1894.]
 [ 369. 1894.]
 [ 369. 2130.]
 [ 133. 2130.]
 [1276. 1894.]
 [1513. 1894.]
 [1513. 2130.]
 [1276. 2130.]
 [ 133.  144.]
 [ 369.  144.]
 [ 369.  380.]
 [ 133.  380.]
 [1276.  144.]
 [1513.  144.]
 [1513.  380.]
 [1276.  380.]]
H [[ 9.01839306e-04 -5.05497579e-05  8.97930281e-01]
 [-9.01955320e-05  3.09520021e-04  4.40131438e-01]
 [ 1.27384768e-07 -3.31261965e-07  2.14669677e-03]]
M [[ 2.95087222e+00 -6.88093037e-01 -1.09322666e+03]
 [ 9.09353760e-01  6.63415558e+00 -1.74055170e+03]
 [-3.47798081e-05  1.06456388e-03  1.00000000e+00]]
(1080, 1920, 3)
Corners [[ 601.  661.]
 [ 725.  635.]
 [ 754.  715.]
 [ 625.  746.]
 [1161.  542.]
 [1265.  521.]
 [1319.  590.]
 [1210.  613.]
 [ 478.  224.]
 [ 570.  211.]
 [ 585.  254.]
 [ 490.  266.]
 [ 904.  164.]
 [ 983.  152.]
 [1012.  190.]
 [ 929.  202.]]
DestCorners [[ 133. 1894.]
 [ 369. 1894.]
 [ 369. 2130.]
 [ 133. 2130.]
 [1276. 1894.]
 [1513. 1894.]
 [1513. 2130.]
 [1276. 2130.]
 [ 133.  144.]
 [ 369.  144.]
 [ 369.  380.]
 [ 133.  380.]
 [1276.  144.]
 [1513.  144.]
 [1513.  380.]
 [1276.  380.]]
H [[ 8.99862207e-04 -5.03822557e-05  8.98025244e-01]
 [-9.02140210e-05  3.09411659e-04  4.39937654e-01]
 [ 1.26635384e-07 -3.31212787e-07  2.14614650e-03]]
M [[ 2.95657885e+00 -6.91207524e-01 -1.09544906e+03]
 [ 9.10331987e-01  6.63610498e+00 -1.74124815e+03]
 [-3.39649585e-05  1.06492907e-03  1.00000000e+00]]
(1080, 1920, 3)
Corners [[ 601.  661.]
 [ 725.  635.]
 [ 754.  715.]
 [ 625.  746.]
 [1161.  542.]
 [1265.  521.]
 [1319.  590.]
 [1210.  613.]
 [ 478.  224.]
 [ 570.  211.]
 [ 585.  254.]
 [ 490.  266.]
 [ 904.  164.]
 [ 983.  152.]
 [1012.  190.]
 [ 929.  202.]]
DestCorners [[ 133. 1894.]
 [ 369. 1894.]
 [ 369. 2130.]
 [ 133. 2130.]
 [1276. 1894.]
 [1513. 1894.]
 [1513. 2130.]
 [1276. 2130.]
 [ 133.  144.]
 [ 369.  144.]
 [ 369.  380.]
 [ 133.  380.]
 [1276.  144.]
 [1513.  144.]
 [1513.  380.]
 [1276.  380.]]
H [[ 8.99862207e-04 -5.03822557e-05  8.98025244e-01]
 [-9.02140210e-05  3.09411659e-04  4.39937654e-01]
 [ 1.26635384e-07 -3.31212787e-07  2.14614650e-03]]
M [[ 2.95657885e+00 -6.91207524e-01 -1.09544906e+03]
 [ 9.10331987e-01  6.63610498e+00 -1.74124815e+03]
 [-3.39649585e-05  1.06492907e-03  1.00000000e+00]]
(1080, 1920, 3)
Corners [[ 601.  661.]
 [ 725.  635.]
 [ 754.  715.]
 [ 625.  746.]
 [1161.  542.]
 [1265.  521.]
 [1319.  590.]
 [1210.  613.]
 [ 478.  224.]
 [ 570.  211.]
 [ 585.  254.]
 [ 490.  266.]
 [ 904.  164.]
 [ 983.  152.]
 [1012.  190.]
 [ 929.  202.]]
DestCorners [[ 133. 1894.]
 [ 369. 1894.]
 [ 369. 2130.]
 [ 133. 2130.]
 [1276. 1894.]
 [1513. 1894.]
 [1513. 2130.]
 [1276. 2130.]
 [ 133.  144.]
 [ 369.  144.]
 [ 369.  380.]
 [ 133.  380.]
 [1276.  144.]
 [1513.  144.]
 [1513.  380.]
 [1276.  380.]]
H [[ 8.99862207e-04 -5.03822557e-05  8.98025244e-01]
 [-9.02140210e-05  3.09411659e-04  4.39937654e-01]
 [ 1.26635384e-07 -3.31212787e-07  2.14614650e-03]]
M [[ 2.95657885e+00 -6.91207524e-01 -1.09544906e+03]
 [ 9.10331987e-01  6.63610498e+00 -1.74124815e+03]
 [-3.39649585e-05  1.06492907e-03  1.00000000e+00]]
(1080, 1920, 3)
Corners [[ 601.  661.]
 [ 725.  635.]
 [ 754.  714.]
 [ 624.  746.]
 [1161.  542.]
 [1266.  521.]
 [1319.  589.]
 [1210.  613.]
 [ 478.  224.]
 [ 570.  211.]
 [ 585.  254.]
 [ 490.  266.]
 [ 904.  164.]
 [ 983.  152.]
 [1012.  190.]
 [ 929.  202.]]
DestCorners [[ 133. 1894.]
 [ 369. 1894.]
 [ 369. 2130.]
 [ 133. 2130.]
 [1276. 1894.]
 [1513. 1894.]
 [1513. 2130.]
 [1276. 2130.]
 [ 133.  144.]
 [ 369.  144.]
 [ 369.  380.]
 [ 133.  380.]
 [1276.  144.]
 [1513.  144.]
 [1513.  380.]
 [1276.  380.]]
H [[ 8.99707881e-04 -5.09410384e-05  8.97950104e-01]
 [-9.02744705e-05  3.08731566e-04  4.40091002e-01]
 [ 1.26483913e-07 -3.31717333e-07  2.14592389e-03]]
M [[ 2.95970118e+00 -6.90230710e-01 -1.09691664e+03]
 [ 9.12936842e-01  6.65201684e+00 -1.74622427e+03]
 [-3.33272224e-05  1.06895333e-03  1.00000000e+00]]
(1080, 1920, 3)
Corners [[ 601.  661.]
 [ 725.  635.]
 [ 754.  714.]
 [ 624.  746.]
 [1161.  542.]
 [1266.  521.]
 [1319.  589.]
 [1210.  613.]
 [ 478.  224.]
 [ 570.  211.]
 [ 585.  254.]
 [ 490.  266.]
 [ 904.  164.]
 [ 983.  152.]
 [1012.  190.]
 [ 929.  202.]]
DestCorners [[ 133. 1894.]
 [ 369. 1894.]
 [ 369. 2130.]
 [ 133. 2130.]
 [1276. 1894.]
 [1513. 1894.]
 [1513. 2130.]
 [1276. 2130.]
 [ 133.  144.]
 [ 369.  144.]
 [ 369.  380.]
 [ 133.  380.]
 [1276.  144.]
 [1513.  144.]
 [1513.  380.]
 [1276.  380.]]
H [[ 8.99707881e-04 -5.09410384e-05  8.97950104e-01]
 [-9.02744705e-05  3.08731566e-04  4.40091002e-01]
 [ 1.26483913e-07 -3.31717333e-07  2.14592389e-03]]
M [[ 2.95970118e+00 -6.90230710e-01 -1.09691664e+03]
 [ 9.12936842e-01  6.65201684e+00 -1.74622427e+03]
 [-3.33272224e-05  1.06895333e-03  1.00000000e+00]]
(1080, 1920, 3)
Corners [[ 601.  661.]
 [ 725.  635.]
 [ 754.  714.]
 [ 624.  746.]
 [1161.  542.]
 [1265.  521.]
 [1319.  590.]
 [1210.  613.]
 [ 478.  224.]
 [ 570.  211.]
 [ 586.  253.]
 [ 490.  266.]
 [ 904.  164.]
 [ 983.  152.]
 [1012.  190.]
 [ 929.  202.]]
DestCorners [[ 133. 1894.]
 [ 369. 1894.]
 [ 369. 2130.]
 [ 133. 2130.]
 [1276. 1894.]
 [1513. 1894.]
 [1513. 2130.]
 [1276. 2130.]
 [ 133.  144.]
 [ 369.  144.]
 [ 369.  380.]
 [ 133.  380.]
 [1276.  144.]
 [1513.  144.]
 [1513.  380.]
 [1276.  380.]]
H [[ 8.99699578e-04 -5.13251975e-05  8.98345660e-01]
 [-8.96545649e-05  3.08870531e-04  4.39283002e-01]
 [ 1.27021071e-07 -3.31892083e-07  2.14552462e-03]]
M [[ 2.95834597e+00 -6.88041842e-01 -1.09780710e+03]
 [ 9.08028302e-01  6.64577740e+00 -1.74087974e+03]
 [-3.46790965e-05  1.06877204e-03  1.00000000e+00]]
(1080, 1920, 3)
Corners [[ 601.  661.]
 [ 725.  635.]
 [ 754.  714.]
 [ 624.  746.]
 [1161.  542.]
 [1265.  521.]
 [1319.  590.]
 [1210.  613.]
 [ 478.  224.]
 [ 570.  211.]
 [ 586.  253.]
 [ 490.  266.]
 [ 904.  164.]
 [ 983.  152.]
 [1012.  190.]
 [ 929.  202.]]
DestCorners [[ 133. 1894.]
 [ 369. 1894.]
 [ 369. 2130.]
 [ 133. 2130.]
 [1276. 1894.]
 [1513. 1894.]
 [1513. 2130.]
 [1276. 2130.]
 [ 133.  144.]
 [ 369.  144.]
 [ 369.  380.]
 [ 133.  380.]
 [1276.  144.]
 [1513.  144.]
 [1513.  380.]
 [1276.  380.]]
H [[ 8.99699578e-04 -5.13251975e-05  8.98345660e-01]
 [-8.96545649e-05  3.08870531e-04  4.39283002e-01]
 [ 1.27021071e-07 -3.31892083e-07  2.14552462e-03]]
M [[ 2.95834597e+00 -6.88041842e-01 -1.09780710e+03]
 [ 9.08028302e-01  6.64577740e+00 -1.74087974e+03]
 [-3.46790965e-05  1.06877204e-03  1.00000000e+00]]
(1080, 1920, 3)
Corners [[ 601.  661.]
 [ 725.  635.]
 [ 754.  714.]
 [ 624.  746.]
 [1161.  542.]
 [1265.  521.]
 [1319.  590.]
 [1210.  613.]
 [ 478.  224.]
 [ 570.  211.]
 [ 586.  253.]
 [ 490.  266.]
 [ 904.  164.]
 [ 983.  152.]
 [1012.  190.]
 [ 929.  202.]]
DestCorners [[ 133. 1894.]
 [ 369. 1894.]
 [ 369. 2130.]
 [ 133. 2130.]
 [1276. 1894.]
 [1513. 1894.]
 [1513. 2130.]
 [1276. 2130.]
 [ 133.  144.]
 [ 369.  144.]
 [ 369.  380.]
 [ 133.  380.]
 [1276.  144.]
 [1513.  144.]
 [1513.  380.]
 [1276.  380.]]
H [[ 8.99699578e-04 -5.13251975e-05  8.98345660e-01]
 [-8.96545649e-05  3.08870531e-04  4.39283002e-01]
 [ 1.27021071e-07 -3.31892083e-07  2.14552462e-03]]
M [[ 2.95834597e+00 -6.88041842e-01 -1.09780710e+03]
 [ 9.08028302e-01  6.64577740e+00 -1.74087974e+03]
 [-3.46790965e-05  1.06877204e-03  1.00000000e+00]]
(1080, 1920, 3)
Corners [[ 601.  661.]
 [ 725.  635.]
 [ 754.  715.]
 [ 624.  746.]
 [1161.  542.]
 [1265.  521.]
 [1319.  590.]
 [1210.  613.]
 [ 478.  224.]
 [ 570.  211.]
 [ 586.  253.]
 [ 490.  266.]
 [ 904.  164.]
 [ 983.  152.]
 [1012.  190.]
 [ 929.  202.]]
DestCorners [[ 133. 1894.]
 [ 369. 1894.]
 [ 369. 2130.]
 [ 133. 2130.]
 [1276. 1894.]
 [1513. 1894.]
 [1513. 2130.]
 [1276. 2130.]
 [ 133.  144.]
 [ 369.  144.]
 [ 369.  380.]
 [ 133.  380.]
 [1276.  144.]
 [1513.  144.]
 [1513.  380.]
 [1276.  380.]]
H [[ 9.00189396e-04 -5.15091084e-05  8.98352559e-01]
 [-8.95764577e-05  3.08919209e-04  4.39268892e-01]
 [ 1.27521785e-07 -3.32148076e-07  2.14558220e-03]]
M [[ 2.95721135e+00 -6.86977765e-01 -1.09753444e+03]
 [ 9.07625634e-01  6.64372269e+00 -1.74020298e+03]
 [-3.52551080e-05  1.06931552e-03  1.00000000e+00]]
(1080, 1920, 3)
Corners [[ 601.  661.]
 [ 725.  635.]
 [ 754.  715.]
 [ 624.  746.]
 [1161.  542.]
 [1265.  521.]
 [1319.  590.]
 [1210.  613.]
 [ 478.  224.]
 [ 570.  211.]
 [ 585.  254.]
 [ 490.  266.]
 [ 904.  164.]
 [ 983.  152.]
 [1012.  190.]
 [ 929.  202.]]
DestCorners [[ 133. 1894.]
 [ 369. 1894.]
 [ 369. 2130.]
 [ 133. 2130.]
 [1276. 1894.]
 [1513. 1894.]
 [1513. 2130.]
 [1276. 2130.]
 [ 133.  144.]
 [ 369.  144.]
 [ 369.  380.]
 [ 133.  380.]
 [1276.  144.]
 [1513.  144.]
 [1513.  380.]
 [1276.  380.]]
H [[ 8.99875500e-04 -5.08993501e-05  8.98042158e-01]
 [-9.01249728e-05  3.09117873e-04  4.39903126e-01]
 [ 1.26724930e-07 -3.31611227e-07  2.14600356e-03]]
M [[ 2.95797957e+00 -6.89269835e-01 -1.09653986e+03]
 [ 9.10720672e-01  6.64277301e+00 -1.74279402e+03]
 [-3.39442401e-05  1.06717711e-03  1.00000000e+00]]
(1080, 1920, 3)
Corners [[ 601.  661.]
 [ 725.  635.]
 [ 754.  715.]
 [ 624.  746.]
 [1161.  542.]
 [1265.  521.]
 [1319.  590.]
 [1210.  613.]
 [ 479.  224.]
 [ 570.  211.]
 [ 585.  254.]
 [ 490.  266.]
 [ 904.  164.]
 [ 983.  152.]
 [1012.  190.]
 [ 930.  203.]]
DestCorners [[ 133. 1894.]
 [ 369. 1894.]
 [ 369. 2130.]
 [ 133. 2130.]
 [1276. 1894.]
 [1513. 1894.]
 [1513. 2130.]
 [1276. 2130.]
 [ 133.  144.]
 [ 369.  144.]
 [ 369.  380.]
 [ 133.  380.]
 [1276.  144.]
 [1513.  144.]
 [1513.  380.]
 [1276.  380.]]
H [[ 8.99431977e-04 -5.14494095e-05  8.98155675e-01]
 [-8.97078351e-05  3.08606738e-04  4.39671321e-01]
 [ 1.27017014e-07 -3.31712945e-07  2.14449301e-03]]
M [[ 2.95890759e+00 -6.87280845e-01 -1.09833976e+03]
 [ 9.09392587e-01  6.64850300e+00 -1.74397036e+03]
 [-3.45882784e-05  1.06910624e-03  1.00000000e+00]]
(1080, 1920, 3)
Corners [[ 601.  661.]
 [ 725.  635.]
 [ 754.  715.]
 [ 624.  746.]
 [1161.  542.]
 [1266.  521.]
 [1319.  589.]
 [1210.  613.]
 [ 479.  224.]
 [ 570.  211.]
 [ 585.  254.]
 [ 490.  266.]
 [ 904.  164.]
 [ 983.  152.]
 [1012.  190.]
 [ 929.  202.]]
DestCorners [[ 133. 1894.]
 [ 369. 1894.]
 [ 369. 2130.]
 [ 133. 2130.]
 [1276. 1894.]
 [1513. 1894.]
 [1513. 2130.]
 [1276. 2130.]
 [ 133.  144.]
 [ 369.  144.]
 [ 369.  380.]
 [ 133.  380.]
 [1276.  144.]
 [1513.  144.]
 [1513.  380.]
 [1276.  380.]]
H [[ 8.98136677e-04 -5.18060183e-05  8.98094458e-01]
 [-9.02608137e-05  3.08047013e-04  4.39796356e-01]
 [ 1.26288716e-07 -3.32160619e-07  2.14401085e-03]]
M [[ 2.96530169e+00 -6.88398084e-01 -1.10091144e+03]
 [ 9.15693202e-01  6.66267328e+00 -1.75027022e+03]
 [-3.28016284e-05  1.07276266e-03  1.00000000e+00]]
(1080, 1920, 3)
Corners [[ 601.  661.]
 [ 725.  635.]
 [ 754.  715.]
 [ 624.  746.]
 [1161.  542.]
 [1265.  521.]
 [1319.  590.]
 [1210.  613.]
 [ 479.  224.]
 [ 570.  211.]
 [ 585.  254.]
 [ 490.  266.]
 [ 904.  164.]
 [ 983.  152.]
 [1012.  190.]
 [ 929.  202.]]
DestCorners [[ 133. 1894.]
 [ 369. 1894.]
 [ 369. 2130.]
 [ 133. 2130.]
 [1276. 1894.]
 [1513. 1894.]
 [1513. 2130.]
 [1276. 2130.]
 [ 133.  144.]
 [ 369.  144.]
 [ 369.  380.]
 [ 133.  380.]
 [1276.  144.]
 [1513.  144.]
 [1513.  380.]
 [1276.  380.]]
H [[-8.97816986e-04  5.15801965e-05 -8.98179381e-01]
 [ 9.01892939e-05 -3.08384715e-04 -4.39622896e-01]
 [-1.26030421e-07  3.31798853e-07 -2.14403421e-03]]
M [[ 2.96469995e+00 -6.88503501e-01 -1.10079886e+03]
 [ 9.13870516e-01  6.65544562e+00 -1.74750288e+03]
 [-3.28452133e-05  1.07043150e-03  1.00000000e+00]]
(1080, 1920, 3)
Corners [[ 601.  661.]
 [ 725.  635.]
 [ 754.  715.]
 [ 624.  746.]
 [1161.  542.]
 [1265.  521.]
 [1319.  590.]
 [1210.  613.]
 [ 479.  224.]
 [ 570.  211.]
 [ 585.  254.]
 [ 490.  266.]
 [ 904.  164.]
 [ 983.  152.]
 [1012.  190.]
 [ 930.  203.]]
DestCorners [[ 133. 1894.]
 [ 369. 1894.]
 [ 369. 2130.]
 [ 133. 2130.]
 [1276. 1894.]
 [1513. 1894.]
 [1513. 2130.]
 [1276. 2130.]
 [ 133.  144.]
 [ 369.  144.]
 [ 369.  380.]
 [ 133.  380.]
 [1276.  144.]
 [1513.  144.]
 [1513.  380.]
 [1276.  380.]]
H [[ 8.99431977e-04 -5.14494095e-05  8.98155675e-01]
 [-8.97078351e-05  3.08606738e-04  4.39671321e-01]
 [ 1.27017014e-07 -3.31712945e-07  2.14449301e-03]]
M [[ 2.95890759e+00 -6.87280845e-01 -1.09833976e+03]
 [ 9.09392587e-01  6.64850300e+00 -1.74397036e+03]
 [-3.45882784e-05  1.06910624e-03  1.00000000e+00]]
(1080, 1920, 3)
Corners [[ 601.  661.]
 [ 725.  635.]
 [ 754.  715.]
 [ 624.  745.]
 [1161.  542.]
 [1265.  521.]
 [1319.  590.]
 [1210.  613.]
 [ 479.  224.]
 [ 570.  211.]
 [ 585.  254.]
 [ 490.  266.]
 [ 904.  164.]
 [ 983.  152.]
 [1012.  190.]
 [ 929.  202.]]
DestCorners [[ 133. 1894.]
 [ 369. 1894.]
 [ 369. 2130.]
 [ 133. 2130.]
 [1276. 1894.]
 [1513. 1894.]
 [1513. 2130.]
 [1276. 2130.]
 [ 133.  144.]
 [ 369.  144.]
 [ 369.  380.]
 [ 133.  380.]
 [1276.  144.]
 [1513.  144.]
 [1513.  380.]
 [1276.  380.]]
H [[-8.96889762e-04  5.13033440e-05 -8.98172973e-01]
 [ 9.03581177e-05 -3.08348966e-04 -4.39635990e-01]
 [-1.25128579e-07  3.31388373e-07 -2.14388550e-03]]
M [[ 2.96689093e+00 -6.90114987e-01 -1.10144957e+03]
 [ 9.14714026e-01  6.65800942e+00 -1.74854110e+03]
 [-3.17728598e-05  1.06943206e-03  1.00000000e+00]]
(1080, 1920, 3)
--- 2.286228656768799 seconds ---
